49152.000
9830 0.000031829536
9854 0.000032159423
9878 0.000032492545
9902 0.000032828930
9926 0.000033168610
9950 0.000033511613
9974 0.000033857972
9998 0.000034207716
10022 0.000034560876
10046 0.000034917484
10070 0.000035277571
10094 0.000035641170
10118 0.000036008311
10142 0.000036379027
10166 0.000036753352
10190 0.000037131317
10214 0.000037512956
10238 0.000037898303
10262 0.000038287391
10286 0.000038680253
10310 0.000039076925
10334 0.000039477441
10358 0.000039881835
10382 0.000040290143
10406 0.000040702401
10430 0.000041118643
10454 0.000041538906
10478 0.000041963227
10502 0.000042391641
10526 0.000042824186
10550 0.000043260900
10574 0.000043701818
10598 0.000044146980
10622 0.000044596424
10646 0.000045050188
10670 0.000045508310
10694 0.000045970831
10718 0.000046437788
10742 0.000046909223
10766 0.000047385175
10790 0.000047865685
10814 0.000048350793
10838 0.000048840541
10862 0.000049334970
10886 0.000049834121
10910 0.000050338037
10934 0.000050846760
10958 0.000051360333
10982 0.000051878800
11006 0.000052402203
11030 0.000052930586
11054 0.000053463995
11078 0.000054002473
11102 0.000054546064
11126 0.000055094816
11150 0.000055648773
11174 0.000056207981
11198 0.000056772486
11222 0.000057342337
11246 0.000057917578
11270 0.000058498259
11294 0.000059084427
11318 0.000059676131
11342 0.000060273419
11366 0.000060876340
11390 0.000061484944
11414 0.000062099280
11438 0.000062719400
11462 0.000063345353
11486 0.000063977191
11510 0.000064614965
11534 0.000065258727
11558 0.000065908531
11582 0.000066564427
11606 0.000067226470
11630 0.000067894714
11654 0.000068569211
11678 0.000069250017
11702 0.000069937187
11726 0.000070630776
11750 0.000071330840
11774 0.000072037435
11798 0.000072750617
11822 0.000073470444
11846 0.000074196974
11870 0.000074930264
11894 0.000075670372
11918 0.000076417359
11942 0.000077171283
11966 0.000077932204
11990 0.000078700183
12014 0.000079475280
12038 0.000080257557
12062 0.000081047075
12086 0.000081843898
12110 0.000082648086
12134 0.000083459705
12158 0.000084278817
12182 0.000085105487
12206 0.000085939780
12230 0.000086781760
12254 0.000087631494
12278 0.000088489048
12302 0.000089354489
12326 0.000090227884
12350 0.000091109301
12374 0.000091998808
12398 0.000092896475
12422 0.000093802370
12446 0.000094716563
12470 0.000095639126
12494 0.000096570129
12518 0.000097509644
12542 0.000098457743
12566 0.000099414499
12590 0.000100379985
12614 0.000101354275
12638 0.000102337443
12662 0.000103329564
12686 0.000104330714
12710 0.000105340969
12734 0.000106360406
12758 0.000107389102
12782 0.000108427135
12806 0.000109474583
12830 0.000110531526
12854 0.000111598044
12878 0.000112674215
12902 0.000113760123
12926 0.000114855847
12950 0.000115961471
12974 0.000117077076
12998 0.000118202747
13022 0.000119338568
13046 0.000120484623
13070 0.000121640997
13094 0.000122807776
13118 0.000123985048
13142 0.000125172899
13166 0.000126371417
13190 0.000127580691
13214 0.000128800810
13238 0.000130031864
13262 0.000131273943
13286 0.000132527140
13310 0.000133791545
13334 0.000135067252
13358 0.000136354354
13382 0.000137652944
13406 0.000138963118
13430 0.000140284971
13454 0.000141618600
13478 0.000142964100
13502 0.000144321570
13526 0.000145691108
13550 0.000147072814
13574 0.000148466786
13598 0.000149873125
13622 0.000151291933
13646 0.000152723312
13670 0.000154167364
13694 0.000155624193
13718 0.000157093903
13742 0.000158576600
13766 0.000160072388
13790 0.000161581376
13814 0.000163103669
13838 0.000164639377
13862 0.000166188608
13886 0.000167751473
13910 0.000169328080
13934 0.000170918543
13958 0.000172522973
13982 0.000174141483
14006 0.000175774187
14030 0.000177421200
14054 0.000179082637
14078 0.000180758615
14102 0.000182449250
14126 0.000184154661
14150 0.000185874967
14174 0.000187610287
14198 0.000189360741
14222 0.000191126453
14246 0.000192907543
14270 0.000194704135
14294 0.000196516353
14318 0.000198344323
14342 0.000200188169
14366 0.000202048020
14390 0.000203924002
14414 0.000205816244
14438 0.000207724876
14462 0.000209650029
14486 0.000211591833
14510 0.000213550421
14534 0.000215525927
14558 0.000217518484
14582 0.000219528228
14606 0.000221555295
14630 0.000223599823
14654 0.000225661948
14678 0.000227741811
14702 0.000229839551
14726 0.000231955310
14750 0.000234089229
14774 0.000236241451
14798 0.000238412121
14822 0.000240601384
14846 0.000242809386
14870 0.000245036273
14894 0.000247282195
14918 0.000249547299
14942 0.000251831737
14966 0.000254135660
14990 0.000256459220
15014 0.000258802570
15038 0.000261165866
15062 0.000263549261
15086 0.000265952914
15110 0.000268376982
15134 0.000270821624
15158 0.000273286999
15182 0.000275773268
15206 0.000278280595
15230 0.000280809141
15254 0.000283359072
15278 0.000285930553
15302 0.000288523750
15326 0.000291138832
15350 0.000293775967
15374 0.000296435326
15398 0.000299117080
15422 0.000301821401
15446 0.000304548462
15470 0.000307298440
15494 0.000310071509
15518 0.000312867848
15542 0.000315687634
15566 0.000318531047
15590 0.000321398268
15614 0.000324289479
15638 0.000327204864
15662 0.000330144607
15686 0.000333108893
15710 0.000336097911
15734 0.000339111848
15758 0.000342150895
15782 0.000345215241
15806 0.000348305079
15830 0.000351420603
15854 0.000354562008
15878 0.000357729489
15902 0.000360923244
15926 0.000364143472
15950 0.000367390372
15974 0.000370664147
15998 0.000373964999
16022 0.000377293132
16046 0.000380648751
16070 0.000384032064
16094 0.000387443279
16118 0.000390882605
16142 0.000394350253
16166 0.000397846435
16190 0.000401371366
16214 0.000404925261
16238 0.000408508336
16262 0.000412120809
16286 0.000415762900
16310 0.000419434830
16334 0.000423136821
16358 0.000426869097
16382 0.000430631883
16406 0.000434425407
16430 0.000438249895
16454 0.000442105580
16478 0.000445992690
16502 0.000449911460
16526 0.000453862123
16550 0.000457844916
16574 0.000461860076
16598 0.000465907841
16622 0.000469988452
16646 0.000474102152
16670 0.000478249183
16694 0.000482429791
16718 0.000486644223
16742 0.000490892727
16766 0.000495175553
16790 0.000499492952
16814 0.000503845177
16838 0.000508232484
16862 0.000512655129
16886 0.000517113370
16910 0.000521607466
16934 0.000526137679
16958 0.000530704272
16982 0.000535307510
17006 0.000539947659
17030 0.000544624987
17054 0.000549339764
17078 0.000554092261
17102 0.000558882752
17126 0.000563711512
17150 0.000568578817
17174 0.000573484945
17198 0.000578430178
17222 0.000583414797
17246 0.000588439085
17270 0.000593503329
17294 0.000598607815
17318 0.000603752833
17342 0.000608938673
17366 0.000614165628
17390 0.000619433994
17414 0.000624744066
17438 0.000630096142
17462 0.000635490523
17486 0.000640927511
17510 0.000646407409
17534 0.000651930523
17558 0.000657497162
17582 0.000663107633
17606 0.000668762250
17630 0.000674461325
17654 0.000680205174
17678 0.000685994113
17702 0.000691828463
17726 0.000697708543
17750 0.000703634678
17774 0.000709607192
17798 0.000715626413
17822 0.000721692670
17846 0.000727806293
17870 0.000733967616
17894 0.000740176974
17918 0.000746434705
17942 0.000752741147
17966 0.000759096641
17990 0.000765501532
18014 0.000771956164
18038 0.000778460885
18062 0.000785016045
18086 0.000791621996
18110 0.000798279091
18134 0.000804987686
18158 0.000811748139
18182 0.000818560811
18206 0.000825426065
18230 0.000832344264
18254 0.000839315775
18278 0.000846340968
18302 0.000853420213
18326 0.000860553885
18350 0.000867742357
18374 0.000874986010
18398 0.000882285221
18422 0.000889640375
18446 0.000897051854
18470 0.000904520047
18494 0.000912045342
18518 0.000919628130
18542 0.000927268806
18566 0.000934967765
18590 0.000942725406
18614 0.000950542130
18638 0.000958418338
18662 0.000966354438
18686 0.000974350836
18710 0.000982407943
18734 0.000990526171
18758 0.000998705935
18782 0.001006947653
18806 0.001015251743
18830 0.001023618629
18854 0.001032048735
18878 0.001040542488
18902 0.001049100318
18926 0.001057722656
18950 0.001066409937
18974 0.001075162598
18998 0.001083981078
19022 0.001092865820
19046 0.001101817268
19070 0.001110835869
19094 0.001119922072
19118 0.001129076331
19142 0.001138299099
19166 0.001147590834
19190 0.001156951996
19214 0.001166383047
19238 0.001175884453
19262 0.001185456681
19286 0.001195100202
19310 0.001204815489
19334 0.001214603018
19358 0.001224463266
19382 0.001234396715
19406 0.001244403850
19430 0.001254485156
19454 0.001264641122
19478 0.001274872241
19502 0.001285179007
19526 0.001295561917
19550 0.001306021473
19574 0.001316558176
19598 0.001327172533
19622 0.001337865052
19646 0.001348636244
19670 0.001359486624
19694 0.001370416709
19718 0.001381427019
19742 0.001392518075
19766 0.001403690405
19790 0.001414944536
19814 0.001426281000
19838 0.001437700330
19862 0.001449203065
19886 0.001460789744
19910 0.001472460911
19934 0.001484217111
19958 0.001496058893
19982 0.001507986809
20006 0.001520001414
20030 0.001532103266
20054 0.001544292927
20078 0.001556570958
20102 0.001568937929
20126 0.001581394409
20150 0.001593940970
20174 0.001606578189
20198 0.001619306646
20222 0.001632126921
20246 0.001645039602
20270 0.001658045276
20294 0.001671144535
20318 0.001684337974
20342 0.001697626191
20366 0.001711009786
20390 0.001724489364
20414 0.001738065533
20438 0.001751738902
20462 0.001765510087
20486 0.001779379704
20510 0.001793348373
20534 0.001807416718
20558 0.001821585365
20582 0.001835854945
20606 0.001850226092
20630 0.001864699441
20654 0.001879275632
20678 0.001893955310
20702 0.001908739120
20726 0.001923627712
20750 0.001938621741
20774 0.001953721862
20798 0.001968928735
20822 0.001984243024
20846 0.001999665396
20870 0.002015196520
20894 0.002030837071
20918 0.002046587726
20942 0.002062449165
20966 0.002078422073
20990 0.002094507136
21014 0.002110705046
21038 0.002127016497
21062 0.002143442187
21086 0.002159982817
21110 0.002176639094
21134 0.002193411724
21158 0.002210301421
21182 0.002227308900
21206 0.002244434880
21230 0.002261680085
21254 0.002279045240
21278 0.002296531076
21302 0.002314138327
21326 0.002331867730
21350 0.002349720025
21374 0.002367695958
21398 0.002385796278
21422 0.002404021735
21446 0.002422373086
21470 0.002440851091
21494 0.002459456512
21518 0.002478190117
21542 0.002497052676
21566 0.002516044964
21590 0.002535167758
21614 0.002554421842
21638 0.002573808000
21662 0.002593327023
21686 0.002612979704
21710 0.002632766840
21734 0.002652689232
21758 0.002672747685
21782 0.002692943009
21806 0.002713276015
21830 0.002733747521
21854 0.002754358348
21878 0.002775109318
21902 0.002796001262
21926 0.002817035011
21950 0.002838211402
21974 0.002859531274
21998 0.002880995472
22022 0.002902604845
22046 0.002924360245
22070 0.002946262527
22094 0.002968312552
22118 0.002990511184
22142 0.003012859292
22166 0.003035357748
22190 0.003058007429
22214 0.003080809214
22238 0.003103763990
22262 0.003126872644
22286 0.003150136069
22310 0.003173555162
22334 0.003197130825
22358 0.003220863963
22382 0.003244755485
22406 0.003268806305
22430 0.003293017341
22454 0.003317389514
22478 0.003341923751
22502 0.003366620983
22526 0.003391482143
22550 0.003416508172
22574 0.003441700012
22598 0.003467058610
22622 0.003492584918
22646 0.003518279893
22670 0.003544144495
22694 0.003570179687
22718 0.003596386440
22742 0.003622765726
22766 0.003649318523
22790 0.003676045814
22814 0.003702948583
22838 0.003730027823
22862 0.003757284528
22886 0.003784719697
22910 0.003812334335
22934 0.003840129450
22958 0.003868106055
22982 0.003896265166
23006 0.003924607806
23030 0.003953135001
23054 0.003981847781
23078 0.004010747181
23102 0.004039834241
23126 0.004069110005
23150 0.004098575522
23174 0.004128231844
23198 0.004158080030
23222 0.004188121141
23246 0.004218356245
23270 0.004248786412
23294 0.004279412719
23318 0.004310236247
23342 0.004341258079
23366 0.004372479306
23390 0.004403901023
23414 0.004435524327
23438 0.004467350324
23462 0.004499380121
23486 0.004531614831
23510 0.004564055571
23534 0.004596703464
23558 0.004629559637
23582 0.004662625222
23606 0.004695901354
23630 0.004729389175
23654 0.004763089831
23678 0.004797004472
23702 0.004831134254
23726 0.004865480336
23750 0.004900043884
23774 0.004934826067
23798 0.004969828059
23822 0.005005051039
23846 0.005040496192
23870 0.005076164707
23894 0.005112057776
23918 0.005148176598
23942 0.005184522377
23966 0.005221096320
23990 0.005257899642
24014 0.005294933558
24038 0.005332199293
24062 0.005369698073
24086 0.005407431131
24110 0.005445399705
24134 0.005483605037
24158 0.005522048374
24182 0.005560730968
24206 0.005599654076
24230 0.005638818960
24254 0.005678226888
24278 0.005717879130
24302 0.005757776964
24326 0.005797921672
24350 0.005838314541
24374 0.005878956861
24398 0.005919849931
24422 0.005960995051
24446 0.006002393530
24470 0.006044046677
24494 0.006085955811
24518 0.006128122253
24542 0.006170547330
24566 0.006213232375
24590 0.006256178723
24614 0.006299387717
24638 0.006342860705
24662 0.006386599038
24686 0.006430604074
24710 0.006474877176
24734 0.006519419709
24758 0.006564233048
24782 0.006609318570
24806 0.006654677658
24830 0.006700311699
24854 0.006746222087
24878 0.006792410220
24902 0.006838877501
24926 0.006885625338
24950 0.006932655146
24974 0.006979968342
24998 0.007027566352
25022 0.007075450603
25046 0.007123622531
25070 0.007172083574
25094 0.007220835178
25118 0.007269878791
25142 0.007319215870
25166 0.007368847874
25190 0.007418776269
25214 0.007469002524
25238 0.007519528117
25262 0.007570354528
25286 0.007621483244
25310 0.007672915755
25334 0.007724653558
25358 0.007776698157
25382 0.007829051056
25406 0.007881713770
25430 0.007934687816
25454 0.007987974716
25478 0.008041575999
25502 0.008095493199
25526 0.008149727853
25550 0.008204281506
25574 0.008259155708
25598 0.008314352012
25622 0.008369871978
25646 0.008425717172
25670 0.008481889163
25694 0.008538389528
25718 0.008595219847
25742 0.008652381706
25766 0.008709876698
25790 0.008767706418
25814 0.008825872468
25838 0.008884376457
25862 0.008943219996
25886 0.009002404704
25910 0.009061932204
25934 0.009121804124
25958 0.009182022098
25982 0.009242587766
26006 0.009303502772
26030 0.009364768765
26054 0.009426387401
26078 0.009488360341
26102 0.009550689249
26126 0.009613375797
26150 0.009676421661
26174 0.009739828523
26198 0.009803598070
26222 0.009867731994
26246 0.009932231993
26270 0.009997099770
26294 0.010062337032
26318 0.010127945493
26342 0.010193926873
26366 0.010260282895
26390 0.010327015289
26414 0.010394125789
26438 0.010461616136
26462 0.010529488075
26486 0.010597743357
26510 0.010666383738
26534 0.010735410978
26558 0.010804826845
26582 0.010874633111
26606 0.010944831553
26630 0.011015423952
26654 0.011086412098
26678 0.011157797783
26702 0.011229582806
26726 0.011301768969
26750 0.011374358083
26774 0.011447351961
26798 0.011520752423
26822 0.011594561294
26846 0.011668780403
26870 0.011743411587
26894 0.011818456685
26918 0.011893917543
26942 0.011969796013
26966 0.012046093951
26990 0.012122813219
27014 0.012199955682
27038 0.012277523214
27062 0.012355517692
27086 0.012433940998
27110 0.012512795021
27134 0.012592081652
27158 0.012671802790
27182 0.012751960340
27206 0.012832556208
27230 0.012913592310
27254 0.012995070563
27278 0.013076992893
27302 0.013159361229
27326 0.013242177504
27350 0.013325443660
27374 0.013409161640
27398 0.013493333396
27422 0.013577960881
27446 0.013663046056
27470 0.013748590887
27494 0.013834597345
27518 0.013921067404
27542 0.014008003046
27566 0.014095406257
27590 0.014183279027
27614 0.014271623353
27638 0.014360441235
27662 0.014449734681
27686 0.014539505700
27710 0.014629756311
27734 0.014720488533
27758 0.014811704393
27782 0.014903405923
27806 0.014995595159
27830 0.015088274143
27854 0.015181444920
27878 0.015275109542
27902 0.015369270067
27926 0.015463928554
27950 0.015559087070
27974 0.015654747686
27998 0.015750912479
28022 0.015847583530
28046 0.015944762924
28070 0.016042452752
28094 0.016140655110
28118 0.016239372099
28142 0.016338605824
28166 0.016438358395
28190 0.016538631928
28214 0.016639428542
28238 0.016740750363
28262 0.016842599519
28286 0.016944978145
28310 0.017047888380
28334 0.017151332369
28358 0.017255312258
28382 0.017359830203
28406 0.017464888361
28430 0.017570488894
28454 0.017676633970
28478 0.017783325762
28502 0.017890566445
28526 0.017998358201
28550 0.018106703217
28574 0.018215603682
28598 0.018325061793
28622 0.018435079748
28646 0.018545659752
28670 0.018656804014
28694 0.018768514747
28718 0.018880794170
28742 0.018993644504
28766 0.019107067977
28790 0.019221066820
28814 0.019335643268
28838 0.019450799562
28862 0.019566537947
28886 0.019682860671
28910 0.019799769988
28934 0.019917268155
28958 0.020035357435
28982 0.020154040094
29006 0.020273318403
29030 0.020393194636
29054 0.020513671074
29078 0.020634749998
29102 0.020756433698
29126 0.020878724464
29150 0.021001624593
29174 0.021125136385
29198 0.021249262145
29222 0.021374004181
29246 0.021499364805
29270 0.021625346334
29294 0.021751951089
29318 0.021879181394
29342 0.022007039579
29366 0.022135527975
29390 0.022264648920
29414 0.022394404755
29438 0.022524797823
29462 0.022655830473
29486 0.022787505058
29510 0.022919823934
29534 0.023052789461
29558 0.023186404002
29582 0.023320669925
29606 0.023455589602
29630 0.023591165408
29654 0.023727399721
29678 0.023864294924
29702 0.024001853403
29726 0.024140077548
29750 0.024278969752
29774 0.024418532412
29798 0.024558767930
29822 0.024699678708
29846 0.024841267154
29870 0.024983535680
29894 0.025126486700
29918 0.025270122631
29942 0.025414445896
29966 0.025559458919
29990 0.025705164128
30014 0.025851563955
30038 0.025998660833
30062 0.026146457201
30086 0.026294955501
30110 0.026444158176
30134 0.026594067674
30158 0.026744686446
30182 0.026896016946
30206 0.027048061630
30230 0.027200822958
30254 0.027354303394
30278 0.027508505404
30302 0.027663431456
30326 0.027819084022
30350 0.027975465577
30374 0.028132578600
30398 0.028290425569
30422 0.028449008970
30446 0.028608331288
30470 0.028768395011
30494 0.028929202632
30518 0.029090756645
30542 0.029253059547
30566 0.029416113837
30590 0.029579922018
30614 0.029744486595
30638 0.029909810074
30662 0.030075894966
30686 0.030242743782
30710 0.030410359038
30734 0.030578743251
30758 0.030747898940
30782 0.030917828626
30806 0.031088534835
30830 0.031260020091
30854 0.031432286924
30878 0.031605337865
30902 0.031779175446
30926 0.031953802202
30950 0.032129220670
30974 0.032305433390
30998 0.032482442902
31022 0.032660251750
31046 0.032838862479
31070 0.033018277635
31094 0.033198499767
31118 0.033379531427
31142 0.033561375165
31166 0.033744033537
31190 0.033927509099
31214 0.034111804407
31238 0.034296922021
31262 0.034482864501
31286 0.034669634411
31310 0.034857234313
31334 0.035045666773
31358 0.035234934359
31382 0.035425039636
31406 0.035615985177
31430 0.035807773550
31454 0.036000407329
31478 0.036193889086
31502 0.036388221396
31526 0.036583406835
31550 0.036779447979
31574 0.036976347407
31598 0.037174107696
31622 0.037372731428
31646 0.037572221183
31670 0.037772579542
31694 0.037973809089
31718 0.038175912406
31742 0.038378892079
31766 0.038582750690
31790 0.038787490828
31814 0.038993115077
31838 0.039199626024
31862 0.039407026258
31886 0.039615318365
31910 0.039824504935
31934 0.040034588556
31958 0.040245571818
31982 0.040457457309
32006 0.040670247621
32030 0.040883945343
32054 0.041098553065
32078 0.041314073378
32102 0.041530508872
32126 0.041747862139
32150 0.041966135769
32174 0.042185332352
32198 0.042405454480
32222 0.042626504742
32246 0.042848485730
32270 0.043071400032
32294 0.043295250240
32318 0.043520038942
32342 0.043745768728
32366 0.043972442186
32390 0.044200061905
32414 0.044428630473
32438 0.044658150477
32462 0.044888624503
32486 0.045120055138
32510 0.045352444968
32534 0.045585796576
32558 0.045820112546
32582 0.046055395463
32606 0.046291647906
32630 0.046528872459
32654 0.046767071700
32678 0.047006248210
32702 0.047246404565
32726 0.047487543344
32750 0.047729667121
32774 0.047972778471
32798 0.048216879967
32822 0.048461974182
32846 0.048708063684
32870 0.048955151045
32894 0.049203238830
32918 0.049452329605
32942 0.049702425936
32966 0.049953530384
32990 0.050205645511
33014 0.050458773875
33038 0.050712918035
33062 0.050968080544
33086 0.051224263958
33110 0.051481470828
33134 0.051739703702
33158 0.051998965129
33182 0.052259257654
33206 0.052520583819
33230 0.052782946167
33254 0.053046347234
33278 0.053310789558
33302 0.053576275673
33326 0.053842808109
33350 0.054110389396
33374 0.054379022059
33398 0.054648708623
33422 0.054919451607
33446 0.055191253531
33470 0.055464116910
33494 0.055738044256
33518 0.056013038078
33542 0.056289100885
33566 0.056566235178
33590 0.056844443458
33614 0.057123728224
33638 0.057404091969
33662 0.057685537184
33686 0.057968066356
33710 0.058251681971
33734 0.058536386508
33758 0.058822182446
33782 0.059109072257
33806 0.059397058413
33830 0.059686143380
33854 0.059976329620
33878 0.060267619593
33902 0.060560015754
33926 0.060853520555
33950 0.061148136442
33974 0.061443865860
33998 0.061740711247
34022 0.062038675039
34046 0.062337759667
34070 0.062637967558
34094 0.062939301134
34118 0.063241762813
34142 0.063545355009
34166 0.063850080132
34190 0.064155940586
34214 0.064462938771
34238 0.064771077083
34262 0.065080357912
34286 0.065390783644
34310 0.065702356661
34334 0.066015079338
34358 0.066328954047
34382 0.066643983154
34406 0.066960169021
34430 0.067277514002
34454 0.067596020450
34478 0.067915690709
34502 0.068236527120
34526 0.068558532017
34550 0.068881707730
34574 0.069206056583
34598 0.069531580893
34622 0.069858282975
34646 0.070186165133
34670 0.070515229670
34694 0.070845478882
34718 0.071176915056
34742 0.071509540478
34766 0.071843357424
34790 0.072178368166
34814 0.072514574969
34838 0.072851980093
34862 0.073190585789
34886 0.073530394305
34910 0.073871407881
34934 0.074213628751
34958 0.074557059141
34982 0.074901701272
35006 0.075247557358
35030 0.075594629608
35054 0.075942920220
35078 0.076292431388
35102 0.076643165301
35126 0.076995124136
35150 0.077348310068
35174 0.077702725262
35198 0.078058371877
35222 0.078415252063
35246 0.078773367966
35270 0.079132721721
35294 0.079493315459
35318 0.079855151301
35342 0.080218231362
35366 0.080582557749
35390 0.080948132560
35414 0.081314957888
35438 0.081683035815
35462 0.082052368419
35486 0.082422957766
35510 0.082794805917
35534 0.083167914923
35558 0.083542286830
35582 0.083917923671
35606 0.084294827475
35630 0.084673000261
35654 0.085052444040
35678 0.085433160814
35702 0.085815152577
35726 0.086198421314
35750 0.086582969002
35774 0.086968797610
35798 0.087355909096
35822 0.087744305411
35846 0.088133988497
35870 0.088524960286
35894 0.088917222703
35918 0.089310777662
35942 0.089705627068
35966 0.090101772818
35990 0.090499216798
36014 0.090897960888
36038 0.091298006955
36062 0.091699356858
36086 0.092102012446
36110 0.092505975560
36134 0.092911248030
36158 0.093317831676
36182 0.093725728309
36206 0.094134939731
36230 0.094545467731
36254 0.094957314092
36278 0.095370480583
36302 0.095784968967
36326 0.096200780995
36350 0.096617918406
36374 0.097036382931
36398 0.097456176290
36422 0.097877300193
36446 0.098299756339
36470 0.098723546416
36494 0.099148672103
36518 0.099575135066
36542 0.100002936964
36566 0.100432079440
36590 0.100862564131
36614 0.101294392661
36638 0.101727566642
36662 0.102162087677
36686 0.102597957356
36710 0.103035177260
36734 0.103473748957
36758 0.103913674004
36782 0.104354953947
36806 0.104797590322
36830 0.105241584650
36854 0.105686938444
36878 0.106133653203
36902 0.106581730415
36926 0.107031171558
36950 0.107481978095
36974 0.107934151480
36998 0.108387693154
37022 0.108842604545
37046 0.109298887071
37070 0.109756542136
37094 0.110215571134
37118 0.110675975444
37142 0.111137756435
37166 0.111600915462
37190 0.112065453870
37214 0.112531372988
37238 0.112998674136
37262 0.113467358619
37286 0.113937427731
37310 0.114408882752
37334 0.114881724950
37358 0.115355955579
37382 0.115831575881
37406 0.116308587087
37430 0.116786990411
37454 0.117266787057
37478 0.117747978214
37502 0.118230565060
37526 0.118714548757
37550 0.119199930455
37574 0.119686711292
37598 0.120174892391
37622 0.120664474861
37646 0.121155459799
37670 0.121647848288
37694 0.122141641395
37718 0.122636840178
37742 0.123133445677
37766 0.123631458919
37790 0.124130880919
37814 0.124631712677
37838 0.125133955178
37862 0.125637609395
37886 0.126142676283
37910 0.126649156789
37934 0.127157051839
37958 0.127666362350
37982 0.128177089222
38006 0.128689233341
38030 0.129202795579
38054 0.129717776793
38078 0.130234177826
38102 0.130751999506
38126 0.131271242645
38150 0.131791908044
38174 0.132313996484
38198 0.132837508737
38222 0.133362445554
38246 0.133888807677
38270 0.134416595828
38294 0.134945810717
38318 0.135476453038
38342 0.136008523469
38366 0.136542022674
38390 0.137076951302
38414 0.137613309985
38438 0.138151099341
38462 0.138690319971
38486 0.139230972463
38510 0.139773057388
38534 0.140316575302
38558 0.140861526743
38582 0.141407912237
38606 0.141955732291
38630 0.142504987400
38654 0.143055678038
38678 0.143607804668
38702 0.144161367734
38726 0.144716367666
38750 0.145272804876
38774 0.145830679761
38798 0.146389992702
38822 0.146950744064
38846 0.147512934195
38870 0.148076563427
38894 0.148641632075
38918 0.149208140440
38942 0.149776088804
38966 0.150345477434
38990 0.150916306579
39014 0.151488576473
39038 0.152062287333
39062 0.152637439359
39086 0.153214032734
39110 0.153792067626
39134 0.154371544183
39158 0.154952462539
39182 0.155534822811
39206 0.156118625097
39230 0.156703869481
39254 0.157290556026
39278 0.157878684782
39302 0.158468255779
39326 0.159059269032
39350 0.159651724537
39374 0.160245622275
39398 0.160840962207
39422 0.161437744278
39446 0.162035968417
39470 0.162635634533
39494 0.163236742519
39518 0.163839292252
39542 0.164443283588
39566 0.165048716368
39590 0.165655590415
39614 0.166263905535
39638 0.166873661514
39662 0.167484858122
39686 0.168097495112
39710 0.168711572217
39734 0.169327089155
39758 0.169944045623
39782 0.170562441304
39806 0.171182275858
39830 0.171803548933
39854 0.172426260153
39878 0.173050409128
39902 0.173675995449
39926 0.174303018689
39950 0.174931478401
39974 0.175561374124
39998 0.176192705373
40022 0.176825471651
40046 0.177459672438
40070 0.178095307197
40094 0.178732375374
40118 0.179370876396
40142 0.180010809671
40166 0.180652174589
40190 0.181294970521
40214 0.181939196820
40238 0.182584852820
40262 0.183231937839
40286 0.183880451172
40310 0.184530392100
40334 0.185181759881
40358 0.185834553757
40382 0.186488772952
40406 0.187144416669
40430 0.187801484094
40454 0.188459974394
40478 0.189119886715
40502 0.189781220188
40526 0.190443973922
40550 0.191108147008
40574 0.191773738520
40598 0.192440747510
40622 0.193109173014
40646 0.193779014047
40670 0.194450269605
40694 0.195122938666
40718 0.195797020190
40742 0.196472513115
40766 0.197149416362
40790 0.197827728832
40814 0.198507449408
40838 0.199188576954
40862 0.199871110312
40886 0.200555048309
40910 0.201240389749
40934 0.201927133420
40958 0.202615278089
40982 0.203304822504
41006 0.203995765393
41030 0.204688105467
41054 0.205381841415
41078 0.206076971909
41102 0.206773495600
41126 0.207471411121
41150 0.208170717085
41174 0.208871412085
41198 0.209573494696
41222 0.210276963472
41246 0.210981816949
41270 0.211688053644
41294 0.212395672053
41318 0.213104670653
41342 0.213815047902
41366 0.214526802238
41390 0.215239932081
41414 0.215954435830
41438 0.216670311865
41462 0.217387558546
41486 0.218106174214
41510 0.218826157191
41534 0.219547505779
41558 0.220270218260
41582 0.220994292898
41606 0.221719727935
41630 0.222446521596
41654 0.223174672085
41678 0.223904177587
41702 0.224635036266
41726 0.225367246270
41750 0.226100805723
41774 0.226835712733
41798 0.227571965387
41822 0.228309561752
41846 0.229048499875
41870 0.229788777786
41894 0.230530393494
41918 0.231273344987
41942 0.232017630235
41966 0.232763247188
41990 0.233510193778
42014 0.234258467914
42038 0.235008067489
42062 0.235758990374
42086 0.236511234421
42110 0.237264797465
42134 0.238019677317
42158 0.238775871772
42182 0.239533378603
42206 0.240292195567
42230 0.241052320397
42254 0.241813750809
42278 0.242576484501
42302 0.243340519147
42326 0.244105852406
42350 0.244872481916
42374 0.245640405294
42398 0.246409620140
42422 0.247180124032
42446 0.247951914532
42470 0.248724989178
42494 0.249499345493
42518 0.250274980978
42542 0.251051893115
42566 0.251830079368
42590 0.252609537179
42614 0.253390263974
42638 0.254172257157
42662 0.254955514113
42686 0.255740032209
42710 0.256525808792
42734 0.257312841190
42758 0.258101126710
42782 0.258890662643
42806 0.259681446258
42830 0.260473474806
42854 0.261266745519
42878 0.262061255609
42902 0.262857002269
42926 0.263653982674
42950 0.264452193979
42974 0.265251633320
42998 0.266052297813
43022 0.266854184557
43046 0.267657290631
43070 0.268461613095
43094 0.269267148989
43118 0.270073895335
43142 0.270881849137
43166 0.271691007380
43190 0.272501367027
43214 0.273312925026
43238 0.274125678305
43262 0.274939623772
43286 0.275754758318
43310 0.276571078814
43334 0.277388582113
43358 0.278207265049
43382 0.279027124437
43406 0.279848157074
43430 0.280670359738
43454 0.281493729190
43478 0.282318262169
43502 0.283143955400
43526 0.283970805586
43550 0.284798809413
43574 0.285627963548
43598 0.286458264641
43622 0.287289709322
43646 0.288122294204
43670 0.288956015880
43694 0.289790870928
43718 0.290626855904
43742 0.291463967350
43766 0.292302201785
43790 0.293141555714
43814 0.293982025622
43838 0.294823607977
43862 0.295666299228
43886 0.296510095807
43910 0.297354994129
43934 0.298200990588
43958 0.299048081563
43982 0.299896263414
44006 0.300745532485
44030 0.301595885100
44054 0.302447317568
44078 0.303299826177
44102 0.304153407200
44126 0.305008056893
44150 0.305863771492
44174 0.306720547218
44198 0.307578380273
44222 0.308437266844
44246 0.309297203098
44270 0.310158185185
44294 0.311020209241
44318 0.311883271382
44342 0.312747367707
44366 0.313612494299
44390 0.314478647224
44414 0.315345822530
44438 0.316214016250
44462 0.317083224399
44486 0.317953442974
44510 0.318824667959
44534 0.319696895317
44558 0.320570120997
44582 0.321444340931
44606 0.322319551035
44630 0.323195747207
44654 0.324072925330
44678 0.324951081270
44702 0.325830210877
44726 0.326710309985
44750 0.327591374412
44774 0.328473399958
44798 0.329356382410
44822 0.330240317537
44846 0.331125201093
44870 0.332011028814
44894 0.332897796424
44918 0.333785499627
44942 0.334674134115
44966 0.335563695562
44990 0.336454179628
45014 0.337345581956
45038 0.338237898174
45062 0.339131123896
45086 0.340025254719
45110 0.340920286225
45134 0.341816213982
45158 0.342713033541
45182 0.343610740439
45206 0.344509330199
45230 0.345408798327
45254 0.346309140315
45278 0.347210351641
45302 0.348112427767
45326 0.349015364142
45350 0.349919156198
45374 0.350823799354
45398 0.351729289016
45422 0.352635620572
45446 0.353542789398
45470 0.354450790856
45494 0.355359620292
45518 0.356269273040
45542 0.357179744419
45566 0.358091029734
45590 0.359003124276
45614 0.359916023322
45638 0.360829722136
45662 0.361744215967
45686 0.362659500052
45710 0.363575569614
45734 0.364492419861
45758 0.365410045990
45782 0.366328443182
45806 0.367247606608
45830 0.368167531423
45854 0.369088212771
45878 0.370009645781
45902 0.370931825570
45926 0.371854747243
45950 0.372778405891
45974 0.373702796592
45998 0.374627914413
46022 0.375553754407
46046 0.376480311615
46070 0.377407581066
46094 0.378335557776
46118 0.379264236750
46142 0.380193612978
46166 0.381123681441
46190 0.382054437108
46214 0.382985874933
46238 0.383917989860
46262 0.384850776823
46286 0.385784230742
46310 0.386718346526
46334 0.387653119073
46358 0.388588543268
46382 0.389524613987
46406 0.390461326093
46430 0.391398674439
46454 0.392336653866
46478 0.393275259204
46502 0.394214485273
46526 0.395154326881
46550 0.396094778827
46574 0.397035835897
46598 0.397977492868
46622 0.398919744507
46646 0.399862585568
46670 0.400806010798
46694 0.401750014931
46718 0.402694592694
46742 0.403639738800
46766 0.404585447955
46790 0.405531714854
46814 0.406478534182
46838 0.407425900616
46862 0.408373808822
46886 0.409322253455
46910 0.410271229164
46934 0.411220730586
46958 0.412170752349
46982 0.413121289074
47006 0.414072335371
47030 0.415023885841
47054 0.415975935077
47078 0.416928477663
47102 0.417881508174
47126 0.418835021176
47150 0.419789011227
47174 0.420743472877
47198 0.421698400668
47222 0.422653789132
47246 0.423609632794
47270 0.424565926172
47294 0.425522663774
47318 0.426479840101
47342 0.427437449647
47366 0.428395486897
47390 0.429353946330
47414 0.430312822417
47438 0.431272109619
47462 0.432231802395
47486 0.433191895192
47510 0.434152382452
47534 0.435113258611
47558 0.436074518095
47582 0.437036155326
47606 0.437998164719
47630 0.438960540681
47654 0.439923277614
47678 0.440886369912
47702 0.441849811964
47726 0.442813598153
47750 0.443777722854
47774 0.444742180439
47798 0.445706965270
47822 0.446672071708
47846 0.447637494104
47870 0.448603226807
47894 0.449569264157
47918 0.450535600490
47942 0.451502230139
47966 0.452469147428
47990 0.453436346679
48014 0.454403822206
48038 0.455371568321
48062 0.456339579329
48086 0.457307849532
48110 0.458276373226
48134 0.459245144703
48158 0.460214158250
48182 0.461183408152
48206 0.462152888687
48230 0.463122594129
48254 0.464092518751
48278 0.465062656819
48302 0.466033002596
48326 0.467003550342
48350 0.467974294313
48374 0.468945228761
48398 0.469916347935
48422 0.470887646081
48446 0.471859117442
48470 0.472830756256
48494 0.473802556762
48518 0.474774513191
48542 0.475746619775
48566 0.476718870742
48590 0.477691260318
48614 0.478663782725
48638 0.479636432184
48662 0.480609202915
48686 0.481582089132
48710 0.482555085050
48734 0.483528184881
48758 0.484501382836
48782 0.485474673124
48806 0.486448049951
48830 0.487421507522
48854 0.488395040043
48878 0.489368641714
48902 0.490342306738
48926 0.491316029316
48950 0.492289803645
48974 0.493263623926
48998 0.494237484354
49022 0.495211379127
49046 0.496185302441
49070 0.497159248491
49094 0.498133211474
49118 0.499107185583
49142 0.500081165014
49166 0.501055143961
49190 0.502029116619
49214 0.503003077183
49238 0.503977019847
49262 0.504950938808
49286 0.505924828259
49310 0.506898682399
49334 0.507872495424
49358 0.508846261531
49382 0.509819974919
49406 0.510793629787
49430 0.511767220336
49454 0.512740740768
49478 0.513714185284
49502 0.514687548090
49526 0.515660823391
49550 0.516634005395
49574 0.517607088309
49598 0.518580066346
49622 0.519552933717
49646 0.520525684636
49670 0.521498313322
49694 0.522470813992
49718 0.523443180867
49742 0.524415408171
49766 0.525387490130
49790 0.526359420973
49814 0.527331194930
49838 0.528302806236
49862 0.529274249128
49886 0.530245517845
49910 0.531216606631
49934 0.532187509732
49958 0.533158221398
49982 0.534128735881
50006 0.535099047438
50030 0.536069150330
50054 0.537039038820
50078 0.538008707176
50102 0.538978149669
50126 0.539947360575
50150 0.540916334175
50174 0.541885064751
50198 0.542853546593
50222 0.543821773992
50246 0.544789741247
50270 0.545757442660
50294 0.546724872536
50318 0.547692025187
50342 0.548658894931
50366 0.549625476088
50390 0.550591762984
50414 0.551557749953
50438 0.552523431330
50462 0.553488801459
50486 0.554453854688
50510 0.555418585370
50534 0.556382987865
50558 0.557347056538
50582 0.558310785761
50606 0.559274169911
50630 0.560237203371
50654 0.561199880531
50678 0.562162195787
50702 0.563124143541
50726 0.564085718202
50750 0.565046914186
50774 0.566007725915
50798 0.566968147818
50822 0.567928174330
50846 0.568887799896
50870 0.569847018964
50894 0.570805825992
50918 0.571764215445
50942 0.572722181795
50966 0.573679719520
50990 0.574636823109
51014 0.575593487055
51038 0.576549705861
51062 0.577505474038
51086 0.578460786103
51110 0.579415636583
51134 0.580370020012
51158 0.581323930934
51182 0.582277363898
51206 0.583230313465
51230 0.584182774202
51254 0.585134740686
51278 0.586086207503
51302 0.587037169246
51326 0.587987620518
51350 0.588937555931
51374 0.589886970107
51398 0.590835857675
51422 0.591784213276
51446 0.592732031557
51470 0.593679307176
51494 0.594626034803
51518 0.595572209113
51542 0.596517824795
51566 0.597462876545
51590 0.598407359069
51614 0.599351267084
51638 0.600294595318
51662 0.601237338507
51686 0.602179491398
51710 0.603121048749
51734 0.604062005327
51758 0.605002355912
51782 0.605942095291
51806 0.606881218265
51830 0.607819719645
51854 0.608757594250
51878 0.609694836914
51902 0.610631442479
51926 0.611567405801
51950 0.612502721743
51974 0.613437385184
51998 0.614371391011
52022 0.615304734124
52046 0.616237409434
52070 0.617169411863
52094 0.618100736345
52118 0.619031377828
52142 0.619961331268
52166 0.620890591635
52190 0.621819153912
52214 0.622747013092
52238 0.623674164182
52262 0.624600602199
52286 0.625526322175
52310 0.626451319153
52334 0.627375588187
52358 0.628299124347
52382 0.629221922713
52406 0.630143978379
52430 0.631065286451
52454 0.631985842047
52478 0.632905640301
52502 0.633824676358
52526 0.634742945375
52550 0.635660442524
52574 0.636577162990
52598 0.637493101972
52622 0.638408254679
52646 0.639322616338
52670 0.640236182186
52694 0.641148947477
52718 0.642060907475
52742 0.642972057461
52766 0.643882392727
52790 0.644791908581
52814 0.645700600345
52838 0.646608463354
52862 0.647515492957
52886 0.648421684517
52910 0.649327033414
52934 0.650231535040
52958 0.651135184800
52982 0.652037978116
53006 0.652939910425
53030 0.653840977176
53054 0.654741173835
53078 0.655640495881
53102 0.656538938808
53126 0.657436498127
53150 0.658333169362
53174 0.659228948052
53198 0.660123829752
53222 0.661017810031
53246 0.661910884474
53270 0.662803048682
53294 0.663694298269
53318 0.664584628867
53342 0.665474036122
53366 0.666362515696
53390 0.667250063266
53414 0.668136674525
53438 0.669022345182
53462 0.669907070962
53486 0.670790847604
53510 0.671673670865
53534 0.672555536517
53558 0.673436440349
53582 0.674316378163
53606 0.675195345782
53630 0.676073339040
53654 0.676950353791
53678 0.677826385904
53702 0.678701431264
53726 0.679575485772
53750 0.680448545347
53774 0.681320605924
53798 0.682191663453
53822 0.683061713903
53846 0.683930753258
53870 0.684798777518
53894 0.685665782703
53918 0.686531764846
53942 0.687396720000
53966 0.688260644232
53990 0.689123533629
54014 0.689985384293
54038 0.690846192343
54062 0.691705953916
54086 0.692564665166
54110 0.693422322265
54134 0.694278921400
54158 0.695134458776
54182 0.695988930618
54206 0.696842333165
54230 0.697694662676
54254 0.698545915425
54278 0.699396087706
54302 0.700245175828
54326 0.701093176120
54350 0.701940084928
54374 0.702785898615
54398 0.703630613563
54422 0.704474226169
54446 0.705316732852
54470 0.706158130045
54494 0.706998414201
54518 0.707837581792
54542 0.708675629304
54566 0.709512553246
54590 0.710348350140
54614 0.711183016532
54638 0.712016548980
54662 0.712848944064
54686 0.713680198382
54710 0.714510308548
54734 0.715339271198
54758 0.716167082982
54782 0.716993740572
54806 0.717819240656
54830 0.718643579941
54854 0.719466755154
54878 0.720288763038
54902 0.721109600357
54926 0.721929263892
54950 0.722747750442
54974 0.723565056826
54998 0.724381179882
55022 0.725196116465
55046 0.726009863449
55070 0.726822417729
55094 0.727633776216
55118 0.728443935841
55142 0.729252893553
55166 0.730060646322
55190 0.730867191134
55214 0.731672524995
55238 0.732476644932
55262 0.733279547988
55286 0.734081231226
55310 0.734881691729
55334 0.735680926596
55358 0.736478932950
55382 0.737275707928
55406 0.738071248689
55430 0.738865552410
55454 0.739658616288
55478 0.740450437539
55502 0.741241013398
55526 0.742030341118
55550 0.742818417972
55574 0.743605241253
55598 0.744390808274
55622 0.745175116363
55646 0.745958162873
55670 0.746739945172
55694 0.747520460649
55718 0.748299706713
55742 0.749077680790
55766 0.749854380328
55790 0.750629802792
55814 0.751403945668
55838 0.752176806462
55862 0.752948382697
55886 0.753718671917
55910 0.754487671686
55934 0.755255379586
55958 0.756021793218
55982 0.756786910206
56006 0.757550728188
56030 0.758313244827
56054 0.759074457802
56078 0.759834364813
56102 0.760592963577
56126 0.761350251835
56150 0.762106227343
56174 0.762860887880
56198 0.763614231242
56222 0.764366255246
56246 0.765116957728
56270 0.765866336544
56294 0.766614389568
56318 0.767361114696
56342 0.768106509842
56366 0.768850572939
56390 0.769593301941
56414 0.770334694822
56438 0.771074749573
56462 0.771813464207
56486 0.772550836754
56510 0.773286865268
56534 0.774021547817
56558 0.774754882493
56582 0.775486867406
56606 0.776217500684
56630 0.776946780477
56654 0.777674704953
56678 0.778401272301
56702 0.779126480728
56726 0.779850328461
56750 0.780572813747
56774 0.781293934852
56798 0.782013690062
56822 0.782732077682
56846 0.783449096036
56870 0.784164743470
56894 0.784879018346
56918 0.785591919049
56942 0.786303443980
56966 0.787013591562
56990 0.787722360237
57014 0.788429748465
57038 0.789135754727
57062 0.789840377524
57086 0.790543615374
57110 0.791245466816
57134 0.791945930408
57158 0.792645004728
57182 0.793342688374
57206 0.794038979960
57230 0.794733878122
57254 0.795427381517
57278 0.796119488817
57302 0.796810198716
57326 0.797499509927
57350 0.798187421183
57374 0.798873931234
57398 0.799559038851
57422 0.800242742824
57446 0.800925041961
57470 0.801605935092
57494 0.802285421062
57518 0.802963498739
57542 0.803640167008
57566 0.804315424774
57590 0.804989270960
57614 0.805661704509
57638 0.806332724384
57662 0.807002329564
57686 0.807670519050
57710 0.808337291860
57734 0.809002647033
57758 0.809666583625
57782 0.810329100711
57806 0.810990197387
57830 0.811649872764
57854 0.812308125977
57878 0.812964956174
57902 0.813620362527
57926 0.814274344224
57950 0.814926900471
57974 0.815578030496
57998 0.816227733541
58022 0.816876008872
58046 0.817522855769
58070 0.818168273533
58094 0.818812261484
58118 0.819454818957
58142 0.820095945311
58166 0.820735639919
58190 0.821373902174
58214 0.822010731488
58238 0.822646127290
58262 0.823280089028
58286 0.823912616170
58310 0.824543708199
58334 0.825173364620
58358 0.825801584952
58382 0.826428368736
58406 0.827053715528
58430 0.827677624906
58454 0.828300096461
58478 0.828921129808
58502 0.829540724574
58526 0.830158880409
58550 0.830775596977
58574 0.831390873963
58598 0.832004711069
58622 0.832617108013
58646 0.833228064533
58670 0.833837580384
58694 0.834445655339
58718 0.835052289188
58742 0.835657481740
58766 0.836261232819
58790 0.836863542270
58814 0.837464409953
58838 0.838063835746
58862 0.838661819546
58886 0.839258361266
58910 0.839853460835
58934 0.840447118203
58958 0.841039333334
58982 0.841630106210
59006 0.842219436833
59030 0.842807325217
59054 0.843393771399
59078 0.843978775427
59102 0.844562337372
59126 0.845144457317
59150 0.845725135365
59174 0.846304371635
59198 0.846882166263
59222 0.847458519401
59246 0.848033431219
59270 0.848606901904
59294 0.849178931658
59318 0.849749520700
59342 0.850318669268
59366 0.850886377613
59390 0.851452646005
59414 0.852017474730
59438 0.852580864089
59462 0.853142814402
59486 0.853703326002
59510 0.854262399242
59534 0.854820034487
59558 0.855376232123
59582 0.855930992548
59606 0.856484316178
59630 0.857036203444
59654 0.857586654795
59678 0.858135670694
59702 0.858683251621
59726 0.859229398070
59750 0.859774110553
59774 0.860317389597
59798 0.860859235744
59822 0.861399649553
59846 0.861938631597
59870 0.862476182465
59894 0.863012302762
59918 0.863546993108
59942 0.864080254139
59966 0.864612086505
59990 0.865142490873
60014 0.865671467924
60038 0.866199018354
60062 0.866725142875
60086 0.867249842213
60110 0.867773117111
60134 0.868294968324
60158 0.868815396625
60182 0.869334402798
60206 0.869851987647
60230 0.870368151985
60254 0.870882896644
60278 0.871396222469
60302 0.871908130319
60326 0.872418621069
60350 0.872927695607
60374 0.873435354836
60398 0.873941599674
60422 0.874446431051
60446 0.874949849915
60470 0.875451857224
60494 0.875952453954
60518 0.876451641091
60542 0.876949419639
60566 0.877445790613
60590 0.877940755044
60614 0.878434313975
60638 0.878926468464
60662 0.879417219581
60686 0.879906568413
60710 0.880394516057
60734 0.880881063626
60758 0.881366212245
60782 0.881849963054
60806 0.882332317203
60830 0.882813275860
60854 0.883292840202
60878 0.883771011423
60902 0.884247790726
60926 0.884723179331
60950 0.885197178468
60974 0.885669789382
60998 0.886141013330
61022 0.886610851581
61046 0.887079305418
61070 0.887546376137
61094 0.888012065045
61118 0.888476373463
61142 0.888939302724
61166 0.889400854174
61190 0.889861029170
61214 0.890319829082
61238 0.890777255294
61262 0.891233309200
61286 0.891687992206
61310 0.892141305732
61334 0.892593251209
61358 0.893043830079
61382 0.893493043798
61406 0.893940893832
61430 0.894387381660
61454 0.894832508771
61478 0.895276276669
61502 0.895718686865
61526 0.896159740886
61550 0.896599440267
61574 0.897037786557
61598 0.897474781314
61622 0.897910426109
61646 0.898344722524
61670 0.898777672152
61694 0.899209276596
61718 0.899639537471
61742 0.900068456404
61766 0.900496035031
61790 0.900922275000
61814 0.901347177969
61838 0.901770745608
61862 0.902192979596
61886 0.902613881623
61910 0.903033453391
61934 0.903451696610
61958 0.903868613004
61982 0.904284204302
62006 0.904698472249
62030 0.905111418597
62054 0.905523045107
62078 0.905933353554
62102 0.906342345719
62126 0.906750023396
62150 0.907156388386
62174 0.907561442503
62198 0.907965187569
62222 0.908367625415
62246 0.908768757884
62270 0.909168586825
62294 0.909567114100
62318 0.909964341578
62342 0.910360271140
62366 0.910754904672
62390 0.911148244075
62414 0.911540291254
62438 0.911931048125
62462 0.912320516615
62486 0.912708698657
62510 0.913095596194
62534 0.913481211179
62558 0.913865545572
62582 0.914248601342
62606 0.914630380469
62630 0.915010884938
62654 0.915390116746
62678 0.915768077895
62702 0.916144770398
62726 0.916520196276
62750 0.916894357557
62774 0.917267256279
62798 0.917638894487
62822 0.918009274233
62846 0.918378397580
62870 0.918746266597
62894 0.919112883360
62918 0.919478249955
62942 0.919842368475
62966 0.920205241019
62990 0.920566869697
63014 0.920927256624
63038 0.921286403922
63062 0.921644313724
63086 0.922000988166
63110 0.922356429394
63134 0.922710639561
63158 0.923063620826
63182 0.923415375357
63206 0.923765905327
63230 0.924115212917
63254 0.924463300317
63278 0.924810169719
63302 0.925155823326
63326 0.925500263347
63350 0.925843491995
63374 0.926185511494
63398 0.926526324072
63422 0.926865931962
63446 0.927204337407
63470 0.927541542654
63494 0.927877549956
63518 0.928212361575
63542 0.928545979776
63566 0.928878406831
63590 0.929209645020
63614 0.929539696626
63638 0.929868563941
63662 0.930196249260
63686 0.930522754886
63710 0.930848083126
63734 0.931172236294
63758 0.931495216710
63782 0.931817026697
63806 0.932137668587
63830 0.932457144715
63854 0.932775457422
63878 0.933092609054
63902 0.933408601964
63926 0.933723438507
63950 0.934037121047
63974 0.934349651949
63998 0.934661033586
64022 0.934971268336
64046 0.935280358580
64070 0.935588306704
64094 0.935895115101
64118 0.936200786166
64142 0.936505322300
64166 0.936808725910
64190 0.937110999404
64214 0.937412145198
64238 0.937712165710
64262 0.938011063363
64286 0.938308840586
64310 0.938605499809
64334 0.938901043468
64358 0.939195474005
64382 0.939488793862
64406 0.939781005488
64430 0.940072111335
64454 0.940362113859
64478 0.940651015519
64502 0.940938818780
64526 0.941225526107
64550 0.941511139973
64574 0.941795662851
64598 0.942079097220
64622 0.942361445560
64646 0.942642710357
64670 0.942922894099
64694 0.943201999277
64718 0.943480028386
64742 0.943756983924
64766 0.944032868393
64790 0.944307684295
64814 0.944581434139
64838 0.944854120434
64862 0.945125745693
64886 0.945396312433
64910 0.945665823171
64934 0.945934280429
64958 0.946201686732
64982 0.946468044606
65006 0.946733356579
65030 0.946997625185
65054 0.947260852956
65078 0.947523042430
65102 0.947784196146
65126 0.948044316644
65150 0.948303406469
65174 0.948561468165
65198 0.948818504282
65222 0.949074517368
65246 0.949329509975
65270 0.949583484658
65294 0.949836443972
65318 0.950088390474
65342 0.950339326725
65366 0.950589255285
65390 0.950838178717
65414 0.951086099587
65438 0.951333020459
65462 0.951578943902
65486 0.951823872485
65510 0.952067808778
65534 0.952310755354
65558 0.952552714786
65582 0.952793689648
65606 0.953033682517
65630 0.953272695970
65654 0.953510732584
65678 0.953747794939
65702 0.953983885615
65726 0.954219007195
65750 0.954453162259
65774 0.954686353391
65798 0.954918583175
65822 0.955149854196
65846 0.955380169039
65870 0.955609530291
65894 0.955837940537
65918 0.956065402367
65942 0.956291918366
65966 0.956517491125
65990 0.956742123231
66014 0.956965817275
66038 0.957188575845
66062 0.957410401532
66086 0.957631296925
66110 0.957851264615
66134 0.958070307193
66158 0.958288427249
66182 0.958505627374
66206 0.958721910159
66230 0.958937278193
66254 0.959151734069
66278 0.959365280376
66302 0.959577919704
66326 0.959789654644
66350 0.960000487786
66374 0.960210421719
66398 0.960419459032
66422 0.960627602314
66446 0.960834854153
66470 0.961041217138
66494 0.961246693855
66518 0.961451286892
66542 0.961654998834
66566 0.961857832268
66590 0.962059789777
66614 0.962260873947
66638 0.962461087359
66662 0.962660432598
66686 0.962858912243
66710 0.963056528877
66734 0.963253285078
66758 0.963449183426
66782 0.963644226498
66806 0.963838416870
66830 0.964031757119
66854 0.964224249818
66878 0.964415897541
66902 0.964606702859
66926 0.964796668343
66950 0.964985796562
66974 0.965174090084
66998 0.965361551476
67022 0.965548183303
67046 0.965733988128
67070 0.965918968513
67094 0.966103127019
67118 0.966286466205
67142 0.966468988627
67166 0.966650696842
67190 0.966831593403
67214 0.967011680862
67238 0.967190961770
67262 0.967369438675
67286 0.967547114124
67310 0.967723990661
67334 0.967900070829
67358 0.968075357169
67382 0.968249852220
67406 0.968423558518
67430 0.968596478598
67454 0.968768614993
67478 0.968939970232
67502 0.969110546845
67526 0.969280347357
67550 0.969449374291
67574 0.969617630169
67598 0.969785117511
67622 0.969951838832
67646 0.970117796647
67670 0.970282993468
67694 0.970447431805
67718 0.970611114164
67742 0.970774043049
67766 0.970936220962
67790 0.971097650403
67814 0.971258333868
67838 0.971418273851
67862 0.971577472843
67886 0.971735933333
67910 0.971893657806
67934 0.972050648745
67958 0.972206908630
67982 0.972362439939
68006 0.972517245145
68030 0.972671326721
68054 0.972824687135
68078 0.972977328851
68102 0.973129254334
68126 0.973280466042
68150 0.973430966431
68174 0.973580757955
68198 0.973729843064
68222 0.973878224206
68246 0.974025903823
68270 0.974172884357
68294 0.974319168245
68318 0.974464757921
68342 0.974609655815
68366 0.974753864357
68390 0.974897385968
68414 0.975040223071
68438 0.975182378083
68462 0.975323853417
68486 0.975464651485
68510 0.975604774692
68534 0.975744225443
68558 0.975883006138
68582 0.976021119173
68606 0.976158566940
68630 0.976295351829
68654 0.976431476225
68678 0.976566942511
68702 0.976701753064
68726 0.976835910259
68750 0.976969416467
68774 0.977102274054
68798 0.977234485385
68822 0.977366052817
68846 0.977496978707
68870 0.977627265407
68894 0.977756915264
68918 0.977885930622
68942 0.978014313821
68966 0.978142067197
68990 0.978269193082
69014 0.978395693805
69038 0.978521571688
69062 0.978646829054
69086 0.978771468216
69110 0.978895491488
69134 0.979018901176
69158 0.979141699585
69182 0.979263889014
69206 0.979385471759
69230 0.979506450110
69254 0.979626826355
69278 0.979746602776
69302 0.979865781652
69326 0.979984365257
69350 0.980102355861
69374 0.980219755730
69398 0.980336567125
69422 0.980452792302
69446 0.980568433516
69470 0.980683493013
69494 0.980797973038
69518 0.980911875831
69542 0.981025203626
69566 0.981137958654
69590 0.981250143141
69614 0.981361759308
69638 0.981472809374
69662 0.981583295550
69686 0.981693220044
69710 0.981802585061
69734 0.981911392799
69758 0.982019645453
69782 0.982127345212
69806 0.982234494262
69830 0.982341094783
69854 0.982447148952
69878 0.982552658939
69902 0.982657626911
69926 0.982762055030
69950 0.982865945453
69974 0.982969300334
69998 0.983072121819
70022 0.983174412052
70046 0.983276173170
70070 0.983377407308
70094 0.983478116595
70118 0.983578303154
70142 0.983677969104
70166 0.983777116560
70190 0.983875747631
70214 0.983973864422
70238 0.984071469032
70262 0.984168563557
70286 0.984265150087
70310 0.984361230706
70334 0.984456807495
70358 0.984551882529
70382 0.984646457879
70406 0.984740535610
70430 0.984834117782
70454 0.984927206452
70478 0.985019803669
70502 0.985111911479
70526 0.985203531922
70550 0.985294667036
70574 0.985385318848
70598 0.985475489387
70622 0.985565180671
70646 0.985654394716
70670 0.985743133533
70694 0.985831399128
70718 0.985919193500
70742 0.986006518644
70766 0.986093376551
70790 0.986179769206
70814 0.986265698589
70838 0.986351166674
70862 0.986436175431
70886 0.986520726825
70910 0.986604822816
70934 0.986688465357
70958 0.986771656397
70982 0.986854397882
71006 0.986936691749
71030 0.987018539932
71054 0.987099944360
71078 0.987180906957
71102 0.987261429639
71126 0.987341514321
71150 0.987421162909
71174 0.987500377307
71198 0.987579159412
71222 0.987657511116
71246 0.987735434306
71270 0.987812930863
71294 0.987890002664
71318 0.987966651580
71342 0.988042879478
71366 0.988118688217
71390 0.988194079654
71414 0.988269055638
71438 0.988343618015
71462 0.988417768624
71486 0.988491509299
71510 0.988564841871
71534 0.988637768162
71558 0.988710289992
71582 0.988782409173
71606 0.988854127514
71630 0.988925446818
71654 0.988996368882
71678 0.989066895498
71702 0.989137028453
71726 0.989206769529
71750 0.989276120502
71774 0.989345083144
71798 0.989413659219
71822 0.989481850488
71846 0.989549658707
71870 0.989617085625
71894 0.989684132987
71918 0.989750802532
71942 0.989817095994
71966 0.989883015101
71990 0.989948561577
72014 0.990013737139
72038 0.990078543501
72062 0.990142982369
72086 0.990207055446
72110 0.990270764428
72134 0.990334111007
72158 0.990397096868
72182 0.990459723693
72206 0.990521993158
72230 0.990583906931
72254 0.990645466678
72278 0.990706674059
72302 0.990767530727
72326 0.990828038332
72350 0.990888198517
72374 0.990948012920
72398 0.991007483175
72422 0.991066610909
72446 0.991125397744
72470 0.991183845298
72494 0.991241955182
72518 0.991299729003
72542 0.991357168361
72566 0.991414274854
72590 0.991471050070
72614 0.991527495597
72638 0.991583613012
72662 0.991639403893
72686 0.991694869807
72710 0.991750012319
72734 0.991804832988
72758 0.991859333367
72782 0.991913515005
72806 0.991967379445
72830 0.992020928225
72854 0.992074162876
72878 0.992127084928
72902 0.992179695901
72926 0.992231997312
72950 0.992283990673
72974 0.992335677491
72998 0.992387059266
73022 0.992438137493
73046 0.992488913665
73070 0.992539389266
73094 0.992589565775
73118 0.992639444670
73142 0.992689027418
73166 0.992738315484
73190 0.992787310329
73214 0.992836013405
73238 0.992884426162
73262 0.992932550044
73286 0.992980386489
73310 0.993027936930
73334 0.993075202797
73358 0.993122185511
73382 0.993168886491
73406 0.993215307150
73430 0.993261448894
73454 0.993307313127
73478 0.993352901246
73502 0.993398214643
73526 0.993443254706
73550 0.993488022815
73574 0.993532520348
73598 0.993576748677
73622 0.993620709168
73646 0.993664403183
73670 0.993707832078
73694 0.993750997205
73718 0.993793899909
73742 0.993836541533
73766 0.993878923412
73790 0.993921046877
73814 0.993962913255
73838 0.994004523867
73862 0.994045880028
73886 0.994086983049
73910 0.994127834237
73934 0.994168434892
73958 0.994208786311
73982 0.994248889784
74006 0.994288746597
74030 0.994328358032
74054 0.994367725364
74078 0.994406849864
74102 0.994445732799
74126 0.994484375430
74150 0.994522779013
74174 0.994560944798
74198 0.994598874033
74222 0.994636567960
74246 0.994674027814
74270 0.994711254827
74294 0.994748250226
74318 0.994785015233
74342 0.994821551065
74366 0.994857858934
74390 0.994893940047
74414 0.994929795607
74438 0.994965426812
74462 0.995000834854
74486 0.995036020921
74510 0.995070986196
74534 0.995105731858
74558 0.995140259081
74582 0.995174569032
74606 0.995208662877
74630 0.995242541774
74654 0.995276206877
74678 0.995309659338
74702 0.995342900300
74726 0.995375930903
74750 0.995408752285
74774 0.995441365574
74798 0.995473771898
74822 0.995505972379
74846 0.995537968131
74870 0.995569760269
74894 0.995601349900
74918 0.995632738125
74942 0.995663926044
74966 0.995694914750
74990 0.995725705332
75014 0.995756298874
75038 0.995786696456
75062 0.995816899153
75086 0.995846908036
75110 0.995876724171
75134 0.995906348619
75158 0.995935782438
75182 0.995965026678
75206 0.995994082389
75230 0.996022950614
75254 0.996051632391
75278 0.996080128755
75302 0.996108440736
75326 0.996136569359
75350 0.996164515645
75374 0.996192280610
75398 0.996219865267
75422 0.996247270623
75446 0.996274497681
75470 0.996301547440
75494 0.996328420894
75518 0.996355119034
75542 0.996381642844
75566 0.996407993307
75590 0.996434171399
75614 0.996460178093
75638 0.996486014356
75662 0.996511681154
75686 0.996537179444
75710 0.996562510183
75734 0.996587674322
75758 0.996612672807
75782 0.996637506581
75806 0.996662176582
75830 0.996686683744
75854 0.996711028997
75878 0.996735213266
75902 0.996759237473
75926 0.996783102534
75950 0.996806809363
75974 0.996830358868
75998 0.996853751955
76022 0.996876989523
76046 0.996900072468
76070 0.996923001684
76094 0.996945778057
76118 0.996968402473
76142 0.996990875810
76166 0.997013198945
76190 0.997035372749
76214 0.997057398090
76238 0.997079275832
76262 0.997101006835
76286 0.997122591953
76310 0.997144032038
76334 0.997165327938
76358 0.997186480497
76382 0.997207490554
76406 0.997228358944
76430 0.997249086500
76454 0.997269674049
76478 0.997290122415
76502 0.997310432418
76526 0.997330604873
76550 0.997350640594
76574 0.997370540387
76598 0.997390305058
76622 0.997409935408
76646 0.997429432231
76670 0.997448796323
76694 0.997468028470
76718 0.997487129459
76742 0.997506100072
76766 0.997524941085
76790 0.997543653272
76814 0.997562237404
76838 0.997580694247
76862 0.997599024563
76886 0.997617229112
76910 0.997635308648
76934 0.997653263923
76958 0.997671095685
76982 0.997688804678
77006 0.997706391641
77030 0.997723857313
77054 0.997741202426
77078 0.997758427710
77102 0.997775533890
77126 0.997792521688
77150 0.997809391825
77174 0.997826145013
77198 0.997842781966
77222 0.997859303391
77246 0.997875709993
77270 0.997892002472
77294 0.997908181526
77318 0.997924247848
77342 0.997940202130
77366 0.997956045058
77390 0.997971777315
77414 0.997987399581
77438 0.998002912534
77462 0.998018316845
77486 0.998033613186
77510 0.998048802221
77534 0.998063884614
77558 0.998078861024
77582 0.998093732107
77606 0.998108498517
77630 0.998123160902
77654 0.998137719909
77678 0.998152176180
77702 0.998166530354
77726 0.998180783068
77750 0.998194934955
77774 0.998208986644
77798 0.998222938761
77822 0.998236791929
77846 0.998250546769
77870 0.998264203896
77894 0.998277763924
77918 0.998291227463
77942 0.998304595119
77966 0.998317867498
77990 0.998331045199
78014 0.998344128819
78038 0.998357118953
78062 0.998370016192
78086 0.998382821124
78110 0.998395534334
78134 0.998408156404
78158 0.998420687911
78182 0.998433129433
78206 0.998445481541
78230 0.998457744805
78254 0.998469919792
78278 0.998482007064
78302 0.998494007182
78326 0.998505920704
78350 0.998517748184
78374 0.998529490174
78398 0.998541147221
78422 0.998552719872
78446 0.998564208669
78470 0.998575614151
78494 0.998586936856
78518 0.998598177316
78542 0.998609336064
78566 0.998620413626
78590 0.998631410529
78614 0.998642327293
78638 0.998653164440
78662 0.998663922484
78686 0.998674601941
78710 0.998685203320
78734 0.998695727130
78758 0.998706173877
78782 0.998716544062
78806 0.998726838186
78830 0.998737056745
78854 0.998747200234
78878 0.998757269144
78902 0.998767263963
78926 0.998777185179
78950 0.998787033274
78974 0.998796808729
78998 0.998806512022
79022 0.998816143628
79046 0.998825704020
79070 0.998835193668
79094 0.998844613039
79118 0.998853962598
79142 0.998863242806
79166 0.998872454124
79190 0.998881597009
79214 0.998890671914
79238 0.998899679292
79262 0.998908619591
79286 0.998917493258
79310 0.998926300738
79334 0.998935042472
79358 0.998943718899
79382 0.998952330455
79406 0.998960877575
79430 0.998969360691
79454 0.998977780231
79478 0.998986136621
79502 0.998994430287
79526 0.999002661650
79550 0.999010831129
79574 0.999018939142
79598 0.999026986102
79622 0.999034972422
79646 0.999042898511
79670 0.999050764778
79694 0.999058571626
79718 0.999066319459
79742 0.999074008677
79766 0.999081639677
79790 0.999089212856
79814 0.999096728607
79838 0.999104187320
79862 0.999111589385
79886 0.999118935188
79910 0.999126225114
79934 0.999133459543
79958 0.999140638856
79982 0.999147763430
80006 0.999154833641
80030 0.999161849861
80054 0.999168812462
80078 0.999175721811
80102 0.999182578276
80126 0.999189382220
80150 0.999196134005
80174 0.999202833992
80198 0.999209482538
80222 0.999216079999
80246 0.999222626728
80270 0.999229123077
80294 0.999235569395
80318 0.999241966029
80342 0.999248313324
80366 0.999254611624
80390 0.999260861269
80414 0.999267062598
80438 0.999273215948
80462 0.999279321653
80486 0.999285380048
80510 0.999291391461
80534 0.999297356223
80558 0.999303274660
80582 0.999309147096
80606 0.999314973855
80630 0.999320755257
80654 0.999326491621
80678 0.999332183265
80702 0.999337830502
80726 0.999343433647
80750 0.999348993010
80774 0.999354508900
80798 0.999359981626
80822 0.999365411491
80846 0.999370798800
80870 0.999376143855
80894 0.999381446955
80918 0.999386708399
80942 0.999391928481
80966 0.999397107497
80990 0.999402245740
81014 0.999407343499
81038 0.999412401063
81062 0.999417418720
81086 0.999422396755
81110 0.999427335451
81134 0.999432235089
81158 0.999437095951
81182 0.999441918313
81206 0.999446702453
81230 0.999451448645
81254 0.999456157161
81278 0.999460828274
81302 0.999465462252
81326 0.999470059364
81350 0.999474619876
81374 0.999479144051
81398 0.999483632153
81422 0.999488084443
81446 0.999492501181
81470 0.999496882623
81494 0.999501229027
81518 0.999505540646
81542 0.999509817734
81566 0.999514060542
81590 0.999518269319
81614 0.999522444314
81638 0.999526585773
81662 0.999530693941
81686 0.999534769061
81710 0.999538811375
81734 0.999542821124
81758 0.999546798545
81782 0.999550743877
81806 0.999554657354
81830 0.999558539211
81854 0.999562389679
81878 0.999566208991
81902 0.999569997376
81926 0.999573755062
81950 0.999577482275
81974 0.999581179240
81998 0.999584846181
82022 0.999588483321
82046 0.999592090879
82070 0.999595669075
82094 0.999599218128
82118 0.999602738252
82142 0.999606229665
82166 0.999609692577
82190 0.999613127203
82214 0.999616533753
82238 0.999619912436
82262 0.999623263460
82286 0.999626587032
82310 0.999629883357
82334 0.999633152639
82358 0.999636395080
82382 0.999639610882
82406 0.999642800244
82430 0.999645963365
82454 0.999649100443
82478 0.999652211672
82502 0.999655297249
82526 0.999658357365
82550 0.999661392213
82574 0.999664401984
82598 0.999667386867
82622 0.999670347050
82646 0.999673282720
82670 0.999676194063
82694 0.999679081263
82718 0.999681944504
82742 0.999684783967
82766 0.999687599832
82790 0.999690392280
82814 0.999693161488
82838 0.999695907634
82862 0.999698630894
82886 0.999701331442
82910 0.999704009451
82934 0.999706665094
82958 0.999709298542
82982 0.999711909964
83006 0.999714499531
83030 0.999717067408
83054 0.999719613764
83078 0.999722138762
83102 0.999724642568
83126 0.999727125344
83150 0.999729587252
83174 0.999732028454
83198 0.999734449108
83222 0.999736849374
83246 0.999739229409
83270 0.999741589369
83294 0.999743929410
83318 0.999746249687
83342 0.999748550351
83366 0.999750831557
83390 0.999753093454
83414 0.999755336193
83438 0.999757559922
83462 0.999759764790
83486 0.999761950944
83510 0.999764118530
83534 0.999766267692
83558 0.999768398574
83582 0.999770511320
83606 0.999772606071
83630 0.999774682967
83654 0.999776742150
83678 0.999778783758
83702 0.999780807928
83726 0.999782814799
83750 0.999784804504
83774 0.999786777181
83798 0.999788732963
83822 0.999790671983
83846 0.999792594373
83870 0.999794500264
83894 0.999796389787
83918 0.999798263072
83942 0.999800120246
83966 0.999801961438
83990 0.999803786773
84014 0.999805596379
84038 0.999807390379
84062 0.999809168897
84086 0.999810932057
84110 0.999812679981
84134 0.999814412790
84158 0.999816130605
84182 0.999817833545
84206 0.999819521730
84230 0.999821195276
84254 0.999822854300
84278 0.999824498921
84302 0.999826129251
84326 0.999827745407
84350 0.999829347501
84374 0.999830935647
84398 0.999832509956
84422 0.999834070541
84446 0.999835617510
84470 0.999837150975
84494 0.999838671043
84518 0.999840177823
84542 0.999841671423
84566 0.999843151948
84590 0.999844619504
84614 0.999846074196
84638 0.999847516129
84662 0.999848945405
84686 0.999850362128
84710 0.999851766399
84734 0.999853158320
84758 0.999854537990
84782 0.999855905510
84806 0.999857260979
84830 0.999858604494
84854 0.999859936153
84878 0.999861256053
84902 0.999862564290
84926 0.999863860959
84950 0.999865146155
84974 0.999866419971
84998 0.999867682502
85022 0.999868933839
85046 0.999870174075
85070 0.999871403300
85094 0.999872621606
85118 0.999873829081
85142 0.999875025815
85166 0.999876211896
85190 0.999877387413
85214 0.999878552453
85238 0.999879707101
85262 0.999880851444
85286 0.999881985567
85310 0.999883109555
85334 0.999884223491
85358 0.999885327459
85382 0.999886421541
85406 0.999887505820
85430 0.999888580378
85454 0.999889645294
85478 0.999890700649
85502 0.999891746522
85526 0.999892782994
85550 0.999893810141
85574 0.999894828042
85598 0.999895836775
85622 0.999896836415
85646 0.999897827038
85670 0.999898808722
85694 0.999899781539
85718 0.999900745564
85742 0.999901700872
85766 0.999902647536
85790 0.999903585627
85814 0.999904515218
85838 0.999905436381
85862 0.999906349187
85886 0.999907253706
85910 0.999908150008
85934 0.999909038162
85958 0.999909918237
85982 0.999910790301
86006 0.999911654423
86030 0.999912510669
86054 0.999913359107
86078 0.999914199801
86102 0.999915032819
86126 0.999915858225
86150 0.999916676084
86174 0.999917486459
86198 0.999918289416
86222 0.999919085016
86246 0.999919873324
86270 0.999920654400
86294 0.999921428306
86318 0.999922195104
86342 0.999922954855
86366 0.999923707619
86390 0.999924453455
86414 0.999925192423
86438 0.999925924583
86462 0.999926649991
86486 0.999927368707
86510 0.999928080787
86534 0.999928786289
86558 0.999929485270
86582 0.999930177785
86606 0.999930863891
86630 0.999931543642
86654 0.999932217093
86678 0.999932884299
86702 0.999933545314
86726 0.999934200192
86750 0.999934848984
86774 0.999935491745
86798 0.999936128527
86822 0.999936759380
86846 0.999937384357
86870 0.999938003510
86894 0.999938616887
86918 0.999939224540
86942 0.999939826519
86966 0.999940422873
86990 0.999941013650
87014 0.999941598901
87038 0.999942178672
87062 0.999942753012
87086 0.999943321968
87110 0.999943885587
87134 0.999944443917
87158 0.999944997003
87182 0.999945544891
87206 0.999946087628
87230 0.999946625257
87254 0.999947157825
87278 0.999947685376
87302 0.999948207953
87326 0.999948725601
87350 0.999949238363
87374 0.999949746282
87398 0.999950249401
87422 0.999950747762
87446 0.999951241408
87470 0.999951730379
87494 0.999952214718
87518 0.999952694465
87542 0.999953169662
87566 0.999953640348
87590 0.999954106563
87614 0.999954568348
87638 0.999955025741
87662 0.999955478782
87686 0.999955927510
87710 0.999956371962
87734 0.999956812177
87758 0.999957248193
87782 0.999957680047
87806 0.999958107777
87830 0.999958531418
87854 0.999958951009
87878 0.999959366584
87902 0.999959778181
87926 0.999960185835
87950 0.999960589580
87974 0.999960989453
87998 0.999961385487
88022 0.999961777718
88046 0.999962166180
88070 0.999962550907
88094 0.999962931931
88118 0.999963309287
88142 0.999963683008
88166 0.999964053127
88190 0.999964419675
88214 0.999964782686
88238 0.999965142191
88262 0.999965498223
88286 0.999965850811
88310 0.999966199989
88334 0.999966545786
88358 0.999966888234
88382 0.999967227362
88406 0.999967563201
88430 0.999967895782
88454 0.999968225132
88474 1.0
