1000.000
200 0.000032007496
201 0.000032690166
202 0.000033386602
203 0.000034097062
204 0.000034821811
205 0.000035561118
206 0.000036315256
207 0.000037084504
208 0.000037869144
209 0.000038669465
210 0.000039485759
211 0.000040318325
212 0.000041167466
213 0.000042033490
214 0.000042916710
215 0.000043817447
216 0.000044736023
217 0.000045672769
218 0.000046628021
219 0.000047602119
220 0.000048595411
221 0.000049608250
222 0.000050640994
223 0.000051694008
224 0.000052767664
225 0.000053862338
226 0.000054978414
227 0.000056116283
228 0.000057276340
229 0.000058458988
230 0.000059664639
231 0.000060893707
232 0.000062146617
233 0.000063423800
234 0.000064725692
235 0.000066052739
236 0.000067405394
237 0.000068784115
238 0.000070189370
239 0.000071621633
240 0.000073081388
241 0.000074569125
242 0.000076085343
243 0.000077630547
244 0.000079205253
245 0.000080809983
246 0.000082445270
247 0.000084111654
248 0.000085809683
249 0.000087539916
250 0.000089302918
251 0.000091099266
252 0.000092929545
253 0.000094794348
254 0.000096694280
255 0.000098629954
256 0.000100601993
257 0.000102611030
258 0.000104657708
259 0.000106742680
260 0.000108866610
261 0.000111030170
262 0.000113234047
263 0.000115478934
264 0.000117765538
265 0.000120094576
266 0.000122466775
267 0.000124882876
268 0.000127343630
269 0.000129849798
270 0.000132402156
271 0.000135001489
272 0.000137648596
273 0.000140344288
274 0.000143089388
275 0.000145884731
276 0.000148731165
277 0.000151629553
278 0.000154580769
279 0.000157585700
280 0.000160645248
281 0.000163760327
282 0.000166931866
283 0.000170160808
284 0.000173448110
285 0.000176794742
286 0.000180201690
287 0.000183669954
288 0.000187200551
289 0.000190794509
290 0.000194452876
291 0.000198176711
292 0.000201967093
293 0.000205825113
294 0.000209751881
295 0.000213748521
296 0.000217816175
297 0.000221956002
298 0.000226169177
299 0.000230456892
300 0.000234820356
301 0.000239260798
302 0.000243779462
303 0.000248377610
304 0.000253056525
305 0.000257817506
306 0.000262661871
307 0.000267590957
308 0.000272606121
309 0.000277708738
310 0.000282900204
311 0.000288181932
312 0.000293555360
313 0.000299021941
314 0.000304583152
315 0.000310240489
316 0.000315995470
317 0.000321849635
318 0.000327804543
319 0.000333861776
320 0.000340022940
321 0.000346289660
322 0.000352663586
323 0.000359146389
324 0.000365739765
325 0.000372445432
326 0.000379265132
327 0.000386200631
328 0.000393253717
329 0.000400426207
330 0.000407719939
331 0.000415136776
332 0.000422678609
333 0.000430347352
334 0.000438144946
335 0.000446073357
336 0.000454134578
337 0.000462330630
338 0.000470663559
339 0.000479135440
340 0.000487748373
341 0.000496504489
342 0.000505405945
343 0.000514454928
344 0.000523653653
345 0.000533004363
346 0.000542509332
347 0.000552170864
348 0.000561991292
349 0.000571972979
350 0.000582118321
351 0.000592429741
352 0.000602909698
353 0.000613560679
354 0.000624385205
355 0.000635385829
356 0.000646565135
357 0.000657925742
358 0.000669470303
359 0.000681201501
360 0.000693122057
361 0.000705234724
362 0.000717542290
363 0.000730047579
364 0.000742753450
365 0.000755662797
366 0.000768778550
367 0.000782103678
368 0.000795641184
369 0.000809394108
370 0.000823365530
371 0.000837558566
372 0.000851976371
373 0.000866622138
374 0.000881499099
375 0.000896610528
376 0.000911959734
377 0.000927550070
378 0.000943384927
379 0.000959467740
380 0.000975801982
381 0.000992391168
382 0.001009238859
383 0.001026348652
384 0.001043724193
385 0.001061369166
386 0.001079287303
387 0.001097482377
388 0.001115958207
389 0.001134718655
390 0.001153767631
391 0.001173109087
392 0.001192747023
393 0.001212685487
394 0.001232928570
395 0.001253480414
396 0.001274345205
397 0.001295527180
398 0.001317030623
399 0.001338859867
400 0.001361019294
401 0.001383513335
402 0.001406346474
403 0.001429523242
404 0.001453048223
405 0.001476926051
406 0.001501161413
407 0.001525759047
408 0.001550723745
409 0.001576060351
410 0.001601773762
411 0.001627868929
412 0.001654350860
413 0.001681224613
414 0.001708495304
415 0.001736168106
416 0.001764248244
417 0.001792741002
418 0.001821651722
419 0.001850985799
420 0.001880748691
421 0.001910945911
422 0.001941583030
423 0.001972665680
424 0.002004199551
425 0.002036190395
426 0.002068644022
427 0.002101566303
428 0.002134963171
429 0.002168840621
430 0.002203204710
431 0.002238061555
432 0.002273417340
433 0.002309278309
434 0.002345650771
435 0.002382541100
436 0.002419955734
437 0.002457901175
438 0.002496383993
439 0.002535410821
440 0.002574988361
441 0.002615123380
442 0.002655822714
443 0.002697093265
444 0.002738942004
445 0.002781375971
446 0.002824402273
447 0.002868028089
448 0.002912260666
449 0.002957107321
450 0.003002575445
451 0.003048672495
452 0.003095406004
453 0.003142783574
454 0.003190812880
455 0.003239501672
456 0.003288857770
457 0.003338889069
458 0.003389603539
459 0.003441009222
460 0.003493114238
461 0.003545926779
462 0.003599455114
463 0.003653707590
464 0.003708692627
465 0.003764418725
466 0.003820894458
467 0.003878128480
468 0.003936129523
469 0.003994906395
470 0.004054467987
471 0.004114823265
472 0.004175981277
473 0.004237951150
474 0.004300742092
475 0.004364363390
476 0.004428824415
477 0.004494134616
478 0.004560303525
479 0.004627340759
480 0.004695256012
481 0.004764059066
482 0.004833759783
483 0.004904368110
484 0.004975894076
485 0.005048347797
486 0.005121739471
487 0.005196079382
488 0.005271377899
489 0.005347645477
490 0.005424892655
491 0.005503130061
492 0.005582368406
493 0.005662618490
494 0.005743891200
495 0.005826197508
496 0.005909548477
497 0.005993955255
498 0.006079429079
499 0.006165981275
500 0.006253623257
501 0.006342366527
502 0.006432222679
503 0.006523203393
504 0.006615320440
505 0.006708585682
506 0.006803011070
507 0.006898608644
508 0.006995390537
509 0.007093368971
510 0.007192556260
511 0.007292964808
512 0.007394607111
513 0.007497495756
514 0.007601643424
515 0.007707062883
516 0.007813766997
517 0.007921768721
518 0.008031081103
519 0.008141717280
520 0.008253690487
521 0.008367014047
522 0.008481701379
523 0.008597765991
524 0.008715221489
525 0.008834081567
526 0.008954360017
527 0.009076070720
528 0.009199227653
529 0.009323844885
530 0.009449936578
531 0.009577516990
532 0.009706600469
533 0.009837201459
534 0.009969334496
535 0.010103014210
536 0.010238255325
537 0.010375072658
538 0.010513481119
539 0.010653495712
540 0.010795131533
541 0.010938403774
542 0.011083327718
543 0.011229918741
544 0.011378192314
545 0.011528163999
546 0.011679849451
547 0.011833264419
548 0.011988424744
549 0.012145346359
550 0.012304045290
551 0.012464537654
552 0.012626839662
553 0.012790967614
554 0.012956937904
555 0.013124767016
556 0.013294471527
557 0.013466068102
558 0.013639573498
559 0.013815004565
560 0.013992378238
561 0.014171711547
562 0.014353021609
563 0.014536325630
564 0.014721640905
565 0.014908984820
566 0.015098374847
567 0.015289828546
568 0.015483363565
569 0.015678997641
570 0.015876748595
571 0.016076634336
572 0.016278672859
573 0.016482882244
574 0.016689280657
575 0.016897886347
576 0.017108717649
577 0.017321792982
578 0.017537130846
579 0.017754749825
580 0.017974668586
581 0.018196905877
582 0.018421480526
583 0.018648411444
584 0.018877717620
585 0.019109418123
586 0.019343532100
587 0.019580078778
588 0.019819077460
589 0.020060547526
590 0.020304508433
591 0.020550979712
592 0.020799980971
593 0.021051531890
594 0.021305652224
595 0.021562361799
596 0.021821680514
597 0.022083628340
598 0.022348225317
599 0.022615491554
600 0.022885447230
601 0.023158112592
602 0.023433507953
603 0.023711653693
604 0.023992570257
605 0.024276278155
606 0.024562797959
607 0.024852150306
608 0.025144355892
609 0.025439435477
610 0.025737409877
611 0.026038299970
612 0.026342126689
613 0.026648911027
614 0.026958674029
615 0.027271436798
616 0.027587220489
617 0.027906046309
618 0.028227935519
619 0.028552909427
620 0.028880989393
621 0.029212196823
622 0.029546553172
623 0.029884079940
624 0.030224798670
625 0.030568730950
626 0.030915898411
627 0.031266322723
628 0.031620025596
629 0.031977028780
630 0.032337354061
631 0.032701023261
632 0.033068058236
633 0.033438480876
634 0.033812313103
635 0.034189576868
636 0.034570294154
637 0.034954486968
638 0.035342177347
639 0.035733387351
640 0.036128139064
641 0.036526454591
642 0.036928356059
643 0.037333865614
644 0.037743005418
645 0.038155797651
646 0.038572264506
647 0.038992428191
648 0.039416310924
649 0.039843934932
650 0.040275322453
651 0.040710495730
652 0.041149477010
653 0.041592288546
654 0.042038952590
655 0.042489491398
656 0.042943927220
657 0.043402282306
658 0.043864578899
659 0.044330839238
660 0.044801085551
661 0.045275340056
662 0.045753624962
663 0.046235962461
664 0.046722374731
665 0.047212883932
666 0.047707512208
667 0.048206281678
668 0.048709214439
669 0.049216332567
670 0.049727658107
671 0.050243213079
672 0.050763019470
673 0.051287099238
674 0.051815474304
675 0.052348166555
676 0.052885197840
677 0.053426589966
678 0.053972364700
679 0.054522543766
680 0.055077148841
681 0.055636201553
682 0.056199723483
683 0.056767736158
684 0.057340261052
685 0.057917319582
686 0.058498933109
687 0.059085122933
688 0.059675910290
689 0.060271316355
690 0.060871362236
691 0.061476068969
692 0.062085457525
693 0.062699548799
694 0.063318363611
695 0.063941922705
696 0.064570246747
697 0.065203356319
698 0.065841271922
699 0.066484013972
700 0.067131602793
701 0.067784058624
702 0.068441401609
703 0.069103651798
704 0.069770829145
705 0.070442953505
706 0.071120044631
707 0.071802122175
708 0.072489205682
709 0.073181314588
710 0.073878468221
711 0.074580685795
712 0.075287986412
713 0.076000389056
714 0.076717912589
715 0.077440575757
716 0.078168397177
717 0.078901395345
718 0.079639588625
719 0.080382995253
720 0.081131633329
721 0.081885520823
722 0.082644675562
723 0.083409115237
724 0.084178857396
725 0.084953919442
726 0.085734318633
727 0.086520072076
728 0.087311196728
729 0.088107709392
730 0.088909626716
731 0.089716965188
732 0.090529741138
733 0.091347970731
734 0.092171669968
735 0.093000854681
736 0.093835540535
737 0.094675743022
738 0.095521477457
739 0.096372758982
740 0.097229602558
741 0.098092022966
742 0.098960034801
743 0.099833652476
744 0.100712890212
745 0.101597762042
746 0.102488281806
747 0.103384463148
748 0.104286319516
749 0.105193864158
750 0.106107110120
751 0.107026070245
752 0.107950757167
753 0.108881183316
754 0.109817360907
755 0.110759301944
756 0.111707018217
757 0.112660521296
758 0.113619822533
759 0.114584933059
760 0.115555863779
761 0.116532625373
762 0.117515228293
763 0.118503682761
764 0.119497998764
765 0.120498186057
766 0.121504254158
767 0.122516212343
768 0.123534069651
769 0.124557834875
770 0.125587516565
771 0.126623123021
772 0.127664662296
773 0.128712142191
774 0.129765570254
775 0.130824953776
776 0.131890299792
777 0.132961615078
778 0.134038906147
779 0.135122179251
780 0.136211440374
781 0.137306695236
782 0.138407949285
783 0.139515207700
784 0.140628475387
785 0.141747756976
786 0.142873056823
787 0.144004379002
788 0.145141727311
789 0.146285105263
790 0.147434516089
791 0.148589962734
792 0.149751447857
793 0.150918973826
794 0.152092542719
795 0.153272156325
796 0.154457816135
797 0.155649523347
798 0.156847278860
799 0.158051083278
800 0.159260936900
801 0.160476839728
802 0.161698791457
803 0.162926791480
804 0.164160838882
805 0.165400932441
806 0.166647070627
807 0.167899251598
808 0.169157473200
809 0.170421732969
810 0.171692028122
811 0.172968355564
812 0.174250711881
813 0.175539093340
814 0.176833495892
815 0.178133915163
816 0.179440346460
817 0.180752784767
818 0.182071224741
819 0.183395660718
820 0.184726086704
821 0.186062496380
822 0.187404883098
823 0.188753239881
824 0.190107559422
825 0.191467834082
826 0.192834055890
827 0.194206216544
828 0.195584307406
829 0.196968319505
830 0.198358243534
831 0.199754069850
832 0.201155788474
833 0.202563389090
834 0.203976861042
835 0.205396193338
836 0.206821374644
837 0.208252393288
838 0.209689237258
839 0.211131894201
840 0.212580351422
841 0.214034595884
842 0.215494614210
843 0.216960392679
844 0.218431917228
845 0.219909173450
846 0.221392146596
847 0.222880821573
848 0.224375182944
849 0.225875214930
850 0.227380901404
851 0.228892225900
852 0.230409171604
853 0.231931721359
854 0.233459857666
855 0.234993562679
856 0.236532818209
857 0.238077605724
858 0.239627906347
859 0.241183700859
860 0.242744969696
861 0.244311692953
862 0.245883850380
863 0.247461421387
864 0.249044385039
865 0.250632720062
866 0.252226404839
867 0.253825417414
868 0.255429735490
869 0.257039336429
870 0.258654197256
871 0.260274294656
872 0.261899604977
873 0.263530104229
874 0.265165768087
875 0.266806571888
876 0.268452490636
877 0.270103499001
878 0.271759571319
879 0.273420681593
880 0.275086803497
881 0.276757910372
882 0.278433975232
883 0.280114970759
884 0.281800869313
885 0.283491642924
886 0.285187263297
887 0.286887701816
888 0.288592929540
889 0.290302917208
890 0.292017635237
891 0.293737053728
892 0.295461142463
893 0.297189870908
894 0.298923208217
895 0.300661123227
896 0.302403584466
897 0.304150560153
898 0.305902018196
899 0.307657926198
900 0.309418251457
901 0.311182960966
902 0.312952021418
903 0.314725399206
904 0.316503060423
905 0.318284970868
906 0.320071096045
907 0.321861401164
908 0.323655851145
909 0.325454410621
910 0.327257043936
911 0.329063715150
912 0.330874388041
913 0.332689026106
914 0.334507592564
915 0.336330050357
916 0.338156362153
917 0.339986490349
918 0.341820397072
919 0.343658044182
920 0.345499393272
921 0.347344405675
922 0.349193042463
923 0.351045264449
924 0.352901032192
925 0.354760305997
926 0.356623045919
927 0.358489211765
928 0.360358763097
929 0.362231659233
930 0.364107859253
931 0.365987321997
932 0.367870006071
933 0.369755869851
934 0.371644871480
935 0.373536968877
936 0.375432119736
937 0.377330281530
938 0.379231411514
939 0.381135466727
940 0.383042403996
941 0.384952179940
942 0.386864750969
943 0.388780073289
944 0.390698102909
945 0.392618795636
946 0.394542107085
947 0.396467992679
948 0.398396407652
949 0.400327307053
950 0.402260645749
951 0.404196378428
952 0.406134459601
953 0.408074843607
954 0.410017484618
955 0.411962336634
956 0.413909353499
957 0.415858488891
958 0.417809696336
959 0.419762929205
960 0.421718140720
961 0.423675283955
962 0.425634311844
963 0.427595177179
964 0.429557832616
965 0.431522230680
966 0.433488323764
967 0.435456064138
968 0.437425403947
969 0.439396295219
970 0.441368689865
971 0.443342539685
972 0.445317796372
973 0.447294411512
974 0.449272336591
975 0.451251522996
976 0.453231922022
977 0.455213484872
978 0.457196162662
979 0.459179906425
980 0.461164667116
981 0.463150395611
982 0.465137042716
983 0.467124559168
984 0.469112895638
985 0.471102002735
986 0.473091831014
987 0.475082330971
988 0.477073453055
989 0.479065147668
990 0.481057365169
991 0.483050055876
992 0.485043170074
993 0.487036658015
994 0.489030469924
995 0.491024556000
996 0.493018866423
997 0.495013351356
998 0.497007960947
999 0.499002645338
1000 0.500997354662
1001 0.502992039053
1002 0.504986648644
1003 0.506981133577
1004 0.508975444000
1005 0.510969530076
1006 0.512963341985
1007 0.514956829926
1008 0.516949944124
1009 0.518942634831
1010 0.520934852332
1011 0.522926546945
1012 0.524917669029
1013 0.526908168986
1014 0.528897997265
1015 0.530887104362
1016 0.532875440832
1017 0.534862957284
1018 0.536849604389
1019 0.538835332884
1020 0.540820093575
1021 0.542803837338
1022 0.544786515128
1023 0.546768077978
1024 0.548748477004
1025 0.550727663409
1026 0.552705588488
1027 0.554682203628
1028 0.556657460315
1029 0.558631310135
1030 0.560603704781
1031 0.562574596053
1032 0.564543935862
1033 0.566511676236
1034 0.568477769320
1035 0.570442167384
1036 0.572404822821
1037 0.574365688156
1038 0.576324716045
1039 0.578281859280
1040 0.580237070795
1041 0.582190303664
1042 0.584141511109
1043 0.586090646501
1044 0.588037663366
1045 0.589982515382
1046 0.591925156393
1047 0.593865540399
1048 0.595803621572
1049 0.597739354251
1050 0.599672692947
1051 0.601603592348
1052 0.603532007321
1053 0.605457892915
1054 0.607381204364
1055 0.609301897091
1056 0.611219926711
1057 0.613135249031
1058 0.615047820060
1059 0.616957596004
1060 0.618864533273
1061 0.620768588486
1062 0.622669718470
1063 0.624567880264
1064 0.626463031123
1065 0.628355128520
1066 0.630244130149
1067 0.632129993929
1068 0.634012678003
1069 0.635892140747
1070 0.637768340767
1071 0.639641236903
1072 0.641510788235
1073 0.643376954081
1074 0.645239694003
1075 0.647098967808
1076 0.648954735551
1077 0.650806957537
1078 0.652655594325
1079 0.654500606728
1080 0.656341955818
1081 0.658179602928
1082 0.660013509651
1083 0.661843637847
1084 0.663669949643
1085 0.665492407436
1086 0.667310973894
1087 0.669125611959
1088 0.670936284850
1089 0.672742956064
1090 0.674545589379
1091 0.676344148855
1092 0.678138598836
1093 0.679928903955
1094 0.681715029132
1095 0.683496939577
1096 0.685274600794
1097 0.687047978582
1098 0.688817039034
1099 0.690581748543
1100 0.692342073802
1101 0.694097981804
1102 0.695849439847
1103 0.697596415534
1104 0.699338876773
1105 0.701076791783
1106 0.702810129092
1107 0.704538857537
1108 0.706262946272
1109 0.707982364763
1110 0.709697082792
1111 0.711407070460
1112 0.713112298184
1113 0.714812736703
1114 0.716508357076
1115 0.718199130687
1116 0.719885029241
1117 0.721566024768
1118 0.723242089628
1119 0.724913196503
1120 0.726579318407
1121 0.728240428681
1122 0.729896500999
1123 0.731547509364
1124 0.733193428112
1125 0.734834231913
1126 0.736469895771
1127 0.738100395023
1128 0.739725705344
1129 0.741345802744
1130 0.742960663571
1131 0.744570264510
1132 0.746174582586
1133 0.747773595161
1134 0.749367279938
1135 0.750955614961
1136 0.752538578613
1137 0.754116149620
1138 0.755688307047
1139 0.757255030304
1140 0.758816299141
1141 0.760372093653
1142 0.761922394276
1143 0.763467181791
1144 0.765006437321
1145 0.766540142334
1146 0.768068278641
1147 0.769590828396
1148 0.771107774100
1149 0.772619098596
1150 0.774124785070
1151 0.775624817056
1152 0.777119178427
1153 0.778607853404
1154 0.780090826550
1155 0.781568082772
1156 0.783039607321
1157 0.784505385790
1158 0.785965404116
1159 0.787419648578
1160 0.788868105799
1161 0.790310762742
1162 0.791747606712
1163 0.793178625356
1164 0.794603806662
1165 0.796023138958
1166 0.797436610910
1167 0.798844211526
1168 0.800245930150
1169 0.801641756466
1170 0.803031680495
1171 0.804415692594
1172 0.805793783456
1173 0.807165944110
1174 0.808532165918
1175 0.809892440578
1176 0.811246760119
1177 0.812595116902
1178 0.813937503620
1179 0.815273913296
1180 0.816604339282
1181 0.817928775259
1182 0.819247215233
1183 0.820559653540
1184 0.821866084837
1185 0.823166504108
1186 0.824460906660
1187 0.825749288119
1188 0.827031644436
1189 0.828307971878
1190 0.829578267031
1191 0.830842526800
1192 0.832100748402
1193 0.833352929373
1194 0.834599067559
1195 0.835839161118
1196 0.837073208520
1197 0.838301208543
1198 0.839523160272
1199 0.840739063100
1200 0.841948916722
1201 0.843152721140
1202 0.844350476653
1203 0.845542183865
1204 0.846727843675
1205 0.847907457281
1206 0.849081026174
1207 0.850248552143
1208 0.851410037266
1209 0.852565483911
1210 0.853714894737
1211 0.854858272689
1212 0.855995620998
1213 0.857126943177
1214 0.858252243024
1215 0.859371524613
1216 0.860484792300
1217 0.861592050715
1218 0.862693304764
1219 0.863788559626
1220 0.864877820749
1221 0.865961093853
1222 0.867038384922
1223 0.868109700208
1224 0.869175046224
1225 0.870234429746
1226 0.871287857809
1227 0.872335337704
1228 0.873376876979
1229 0.874412483435
1230 0.875442165125
1231 0.876465930349
1232 0.877483787657
1233 0.878495745842
1234 0.879501813943
1235 0.880502001236
1236 0.881496317239
1237 0.882484771707
1238 0.883467374627
1239 0.884444136221
1240 0.885415066941
1241 0.886380177467
1242 0.887339478704
1243 0.888292981783
1244 0.889240698056
1245 0.890182639093
1246 0.891118816684
1247 0.892049242833
1248 0.892973929755
1249 0.893892889880
1250 0.894806135842
1251 0.895713680484
1252 0.896615536852
1253 0.897511718194
1254 0.898402237958
1255 0.899287109788
1256 0.900166347524
1257 0.901039965199
1258 0.901907977034
1259 0.902770397442
1260 0.903627241018
1261 0.904478522543
1262 0.905324256978
1263 0.906164459465
1264 0.906999145319
1265 0.907828330032
1266 0.908652029269
1267 0.909470258862
1268 0.910283034812
1269 0.911090373284
1270 0.911892290608
1271 0.912688803272
1272 0.913479927924
1273 0.914265681367
1274 0.915046080558
1275 0.915821142604
1276 0.916590884763
1277 0.917355324438
1278 0.918114479177
1279 0.918868366671
1280 0.919617004747
1281 0.920360411375
1282 0.921098604655
1283 0.921831602823
1284 0.922559424243
1285 0.923282087411
1286 0.923999610944
1287 0.924712013588
1288 0.925419314205
1289 0.926121531779
1290 0.926818685412
1291 0.927510794318
1292 0.928197877825
1293 0.928879955369
1294 0.929557046495
1295 0.930229170855
1296 0.930896348202
1297 0.931558598391
1298 0.932215941376
1299 0.932868397207
1300 0.933515986028
1301 0.934158728078
1302 0.934796643681
1303 0.935429753253
1304 0.936058077295
1305 0.936681636389
1306 0.937300451201
1307 0.937914542475
1308 0.938523931031
1309 0.939128637764
1310 0.939728683645
1311 0.940324089710
1312 0.940914877067
1313 0.941501066891
1314 0.942082680418
1315 0.942659738948
1316 0.943232263842
1317 0.943800276517
1318 0.944363798447
1319 0.944922851159
1320 0.945477456234
1321 0.946027635300
1322 0.946573410034
1323 0.947114802160
1324 0.947651833445
1325 0.948184525696
1326 0.948712900762
1327 0.949236980530
1328 0.949756786921
1329 0.950272341893
1330 0.950783667433
1331 0.951290785561
1332 0.951793718322
1333 0.952292487792
1334 0.952787116068
1335 0.953277625269
1336 0.953764037539
1337 0.954246375038
1338 0.954724659944
1339 0.955198914449
1340 0.955669160762
1341 0.956135421101
1342 0.956597717694
1343 0.957056072780
1344 0.957510508602
1345 0.957961047410
1346 0.958407711454
1347 0.958850522990
1348 0.959289504270
1349 0.959724677547
1350 0.960156065068
1351 0.960583689076
1352 0.961007571809
1353 0.961427735494
1354 0.961844202349
1355 0.962256994582
1356 0.962666134386
1357 0.963071643941
1358 0.963473545409
1359 0.963871860936
1360 0.964266612649
1361 0.964657822653
1362 0.965045513032
1363 0.965429705846
1364 0.965810423132
1365 0.966187686897
1366 0.966561519124
1367 0.966931941764
1368 0.967298976739
1369 0.967662645939
1370 0.968022971220
1371 0.968379974404
1372 0.968733677277
1373 0.969084101589
1374 0.969431269050
1375 0.969775201330
1376 0.970115920060
1377 0.970453446828
1378 0.970787803177
1379 0.971119010607
1380 0.971447090573
1381 0.971772064481
1382 0.972093953691
1383 0.972412779511
1384 0.972728563202
1385 0.973041325971
1386 0.973351088973
1387 0.973657873311
1388 0.973961700030
1389 0.974262590123
1390 0.974560564523
1391 0.974855644108
1392 0.975147849694
1393 0.975437202041
1394 0.975723721845
1395 0.976007429743
1396 0.976288346307
1397 0.976566492047
1398 0.976841887408
1399 0.977114552770
1400 0.977384508446
1401 0.977651774683
1402 0.977916371660
1403 0.978178319486
1404 0.978437638201
1405 0.978694347776
1406 0.978948468110
1407 0.979200019029
1408 0.979449020288
1409 0.979695491567
1410 0.979939452474
1411 0.980180922540
1412 0.980419921222
1413 0.980656467900
1414 0.980890581877
1415 0.981122282380
1416 0.981351588556
1417 0.981578519474
1418 0.981803094123
1419 0.982025331414
1420 0.982245250175
1421 0.982462869154
1422 0.982678207018
1423 0.982891282351
1424 0.983102113653
1425 0.983310719343
1426 0.983517117756
1427 0.983721327141
1428 0.983923365664
1429 0.984123251405
1430 0.984321002359
1431 0.984516636435
1432 0.984710171454
1433 0.984901625153
1434 0.985091015180
1435 0.985278359095
1436 0.985463674370
1437 0.985646978391
1438 0.985828288453
1439 0.986007621762
1440 0.986184995435
1441 0.986360426502
1442 0.986533931898
1443 0.986705528473
1444 0.986875232984
1445 0.987043062096
1446 0.987209032386
1447 0.987373160338
1448 0.987535462346
1449 0.987695954710
1450 0.987854653641
1451 0.988011575256
1452 0.988166735581
1453 0.988320150549
1454 0.988471836001
1455 0.988621807686
1456 0.988770081259
1457 0.988916672282
1458 0.989061596226
1459 0.989204868467
1460 0.989346504288
1461 0.989486518881
1462 0.989624927342
1463 0.989761744675
1464 0.989896985790
1465 0.990030665504
1466 0.990162798541
1467 0.990293399531
1468 0.990422483010
1469 0.990550063422
1470 0.990676155115
1471 0.990800772347
1472 0.990923929280
1473 0.991045639983
1474 0.991165918433
1475 0.991284778511
1476 0.991402234009
1477 0.991518298621
1478 0.991632985953
1479 0.991746309513
1480 0.991858282720
1481 0.991968918897
1482 0.992078231279
1483 0.992186233003
1484 0.992292937117
1485 0.992398356576
1486 0.992502504244
1487 0.992605392889
1488 0.992707035192
1489 0.992807443740
1490 0.992906631029
1491 0.993004609463
1492 0.993101391356
1493 0.993196988930
1494 0.993291414318
1495 0.993384679560
1496 0.993476796607
1497 0.993567777321
1498 0.993657633473
1499 0.993746376743
1500 0.993834018725
1501 0.993920570921
1502 0.994006044745
1503 0.994090451523
1504 0.994173802492
1505 0.994256108800
1506 0.994337381510
1507 0.994417631594
1508 0.994496869939
1509 0.994575107345
1510 0.994652354523
1511 0.994728622101
1512 0.994803920618
1513 0.994878260529
1514 0.994951652203
1515 0.995024105924
1516 0.995095631890
1517 0.995166240217
1518 0.995235940934
1519 0.995304743988
1520 0.995372659241
1521 0.995439696475
1522 0.995505865384
1523 0.995571175585
1524 0.995635636610
1525 0.995699257908
1526 0.995762048850
1527 0.995824018723
1528 0.995885176735
1529 0.995945532013
1530 0.996005093605
1531 0.996063870477
1532 0.996121871520
1533 0.996179105542
1534 0.996235581275
1535 0.996291307373
1536 0.996346292410
1537 0.996400544886
1538 0.996454073221
1539 0.996506885762
1540 0.996558990778
1541 0.996610396461
1542 0.996661110931
1543 0.996711142230
1544 0.996760498328
1545 0.996809187120
1546 0.996857216426
1547 0.996904593996
1548 0.996951327505
1549 0.996997424555
1550 0.997042892679
1551 0.997087739334
1552 0.997131971911
1553 0.997175597727
1554 0.997218624029
1555 0.997261057996
1556 0.997302906735
1557 0.997344177286
1558 0.997384876620
1559 0.997425011639
1560 0.997464589179
1561 0.997503616007
1562 0.997542098825
1563 0.997580044266
1564 0.997617458900
1565 0.997654349229
1566 0.997690721691
1567 0.997726582660
1568 0.997761938445
1569 0.997796795290
1570 0.997831159379
1571 0.997865036829
1572 0.997898433697
1573 0.997931355978
1574 0.997963809605
1575 0.997995800449
1576 0.998027334320
1577 0.998058416970
1578 0.998089054089
1579 0.998119251309
1580 0.998149014201
1581 0.998178348278
1582 0.998207258998
1583 0.998235751756
1584 0.998263831894
1585 0.998291504696
1586 0.998318775387
1587 0.998345649140
1588 0.998372131071
1589 0.998398226238
1590 0.998423939649
1591 0.998449276255
1592 0.998474240953
1593 0.998498838587
1594 0.998523073949
1595 0.998546951777
1596 0.998570476758
1597 0.998593653526
1598 0.998616486665
1599 0.998638980706
1600 0.998661140133
1601 0.998682969377
1602 0.998704472820
1603 0.998725654795
1604 0.998746519586
1605 0.998767071430
1606 0.998787314513
1607 0.998807252977
1608 0.998826890913
1609 0.998846232369
1610 0.998865281345
1611 0.998884041793
1612 0.998902517623
1613 0.998920712697
1614 0.998938630834
1615 0.998956275807
1616 0.998973651348
1617 0.998990761141
1618 0.999007608832
1619 0.999024198018
1620 0.999040532260
1621 0.999056615073
1622 0.999072449930
1623 0.999088040266
1624 0.999103389472
1625 0.999118500901
1626 0.999133377862
1627 0.999148023629
1628 0.999162441434
1629 0.999176634470
1630 0.999190605892
1631 0.999204358816
1632 0.999217896322
1633 0.999231221450
1634 0.999244337203
1635 0.999257246550
1636 0.999269952421
1637 0.999282457710
1638 0.999294765276
1639 0.999306877943
1640 0.999318798499
1641 0.999330529697
1642 0.999342074258
1643 0.999353434865
1644 0.999364614171
1645 0.999375614795
1646 0.999386439321
1647 0.999397090302
1648 0.999407570259
1649 0.999417881679
1650 0.999428027021
1651 0.999438008708
1652 0.999447829136
1653 0.999457490668
1654 0.999466995637
1655 0.999476346347
1656 0.999485545072
1657 0.999494594055
1658 0.999503495511
1659 0.999512251627
1660 0.999520864560
1661 0.999529336441
1662 0.999537669370
1663 0.999545865422
1664 0.999553926643
1665 0.999561855054
1666 0.999569652648
1667 0.999577321391
1668 0.999584863224
1669 0.999592280061
1670 0.999599573793
1671 0.999606746283
1672 0.999613799369
1673 0.999620734868
1674 0.999627554568
1675 0.999634260235
1676 0.999640853611
1677 0.999647336414
1678 0.999653710340
1679 0.999659977060
1680 0.999666138224
1681 0.999672195457
1682 0.999678150365
1683 0.999684004530
1684 0.999689759511
1685 0.999695416848
1686 0.999700978059
1687 0.999706444640
1688 0.999711818068
1689 0.999717099796
1690 0.999722291262
1691 0.999727393879
1692 0.999732409043
1693 0.999737338129
1694 0.999742182494
1695 0.999746943475
1696 0.999751622390
1697 0.999756220538
1698 0.999760739202
1699 0.999765179644
1700 0.999769543108
1701 0.999773830823
1702 0.999778043998
1703 0.999782183825
1704 0.999786251479
1705 0.999790248119
1706 0.999794174887
1707 0.999798032907
1708 0.999801823289
1709 0.999805547124
1710 0.999809205491
1711 0.999812799449
1712 0.999816330046
1713 0.999819798310
1714 0.999823205258
1715 0.999826551890
1716 0.999829839192
1717 0.999833068134
1718 0.999836239673
1719 0.999839354752
1720 0.999842414300
1721 0.999845419231
1722 0.999848370447
1723 0.999851268835
1724 0.999854115269
1725 0.999856910612
1726 0.999859655712
1727 0.999862351404
1728 0.999864998511
1729 0.999867597844
1730 0.999870150202
1731 0.999872656370
1732 0.999875117124
1733 0.999877533225
1734 0.999879905424
1735 0.999882234462
1736 0.999884521066
1737 0.999886765953
1738 0.999888969830
1739 0.999891133390
1740 0.999893257320
1741 0.999895342292
1742 0.999897388970
1743 0.999899398007
1744 0.999901370046
1745 0.999903305720
1746 0.999905205652
1747 0.999907070455
1748 0.999908900734
1749 0.999910697082
1750 0.999912460084
1751 0.999914190317
1752 0.999915888346
1753 0.999917554730
1754 0.999919190017
1755 0.999920794747
1756 0.999922369453
1757 0.999923914657
1758 0.999925430875
1759 0.999926918612
1760 0.999928378367
1761 0.999929810630
1762 0.999931215885
1763 0.999932594606
1764 0.999933947261
1765 0.999935274308
1766 0.999936576200
1767 0.999937853383
1768 0.999939106293
1769 0.999940335361
1770 0.999941541012
1771 0.999942723660
1772 0.999943883717
1773 0.999945021586
1774 0.999946137662
1775 0.999947232336
1776 0.999948305992
1777 0.999949359006
1778 0.999950391750
1779 0.999951404589
1780 0.999952397881
1781 0.999953371979
1782 0.999954327231
1783 0.999955263977
1784 0.999956182553
1785 0.999957083290
1786 0.999957966510
1787 0.999958832534
1788 0.999959681675
1789 0.999960514241
1790 0.999961330535
1791 0.999962130856
1792 0.999962915496
1793 0.999963684744
1794 0.999964438882
1795 0.999965178189
1796 0.999965902938
1797 0.999966613398
1798 0.999967309834
1799 0.999967992504
1800 1.0
