8192.000
1638 0.000031802191
1642 0.000032131810
1646 0.000032464660
1650 0.000032800773
1654 0.000033140176
1658 0.000033482902
1662 0.000033828980
1666 0.000034178440
1670 0.000034531315
1674 0.000034887634
1678 0.000035247430
1682 0.000035610735
1686 0.000035977580
1690 0.000036347997
1694 0.000036722020
1698 0.000037099680
1702 0.000037481012
1706 0.000037866048
1710 0.000038254823
1714 0.000038647370
1718 0.000039043723
1722 0.000039443917
1726 0.000039847987
1730 0.000040255967
1734 0.000040667894
1738 0.000041083803
1742 0.000041503730
1746 0.000041927711
1750 0.000042355783
1754 0.000042787982
1758 0.000043224347
1762 0.000043664913
1766 0.000044109720
1770 0.000044558806
1774 0.000045012208
1778 0.000045469966
1782 0.000045932118
1786 0.000046398705
1790 0.000046869765
1794 0.000047345339
1798 0.000047825468
1802 0.000048310191
1806 0.000048799551
1810 0.000049293587
1814 0.000049792343
1818 0.000050295861
1822 0.000050804182
1826 0.000051317349
1830 0.000051835406
1834 0.000052358396
1838 0.000052886363
1842 0.000053419351
1846 0.000053957405
1850 0.000054500569
1854 0.000055048889
1858 0.000055602410
1862 0.000056161178
1866 0.000056725241
1870 0.000057294644
1874 0.000057869434
1878 0.000058449660
1882 0.000059035369
1886 0.000059626610
1890 0.000060223430
1894 0.000060825880
1898 0.000061434008
1902 0.000062047865
1906 0.000062667501
1910 0.000063292966
1914 0.000063924311
1918 0.000064561589
1922 0.000065204851
1926 0.000065854148
1930 0.000066509535
1934 0.000067171064
1938 0.000067838789
1942 0.000068512763
1946 0.000069193041
1950 0.000069879679
1954 0.000070572731
1958 0.000071272253
1962 0.000071978301
1966 0.000072690932
1970 0.000073410203
1974 0.000074136172
1978 0.000074868896
1982 0.000075608435
1986 0.000076354846
1990 0.000077108190
1994 0.000077868526
1998 0.000078635914
2002 0.000079410415
2006 0.000080192092
2010 0.000080981004
2014 0.000081777215
2018 0.000082580788
2022 0.000083391785
2026 0.000084210270
2030 0.000085036308
2034 0.000085869963
2038 0.000086711300
2042 0.000087560385
2046 0.000088417285
2050 0.000089282066
2054 0.000090154796
2058 0.000091035542
2062 0.000091924372
2066 0.000092821356
2070 0.000093726562
2074 0.000094640062
2078 0.000095561925
2082 0.000096492222
2086 0.000097431025
2090 0.000098378406
2094 0.000099334437
2098 0.000100299193
2102 0.000101272746
2106 0.000102255171
2110 0.000103246543
2114 0.000104246938
2118 0.000105256432
2122 0.000106275100
2126 0.000107303022
2130 0.000108340274
2134 0.000109386934
2138 0.000110443083
2142 0.000111508799
2146 0.000112584164
2150 0.000113669257
2154 0.000114764160
2158 0.000115868955
2162 0.000116983726
2166 0.000118108555
2170 0.000119243527
2174 0.000120388725
2178 0.000121544236
2182 0.000122710145
2186 0.000123886539
2190 0.000125073505
2194 0.000126271131
2198 0.000127479505
2202 0.000128698717
2206 0.000129928856
2210 0.000131170013
2214 0.000132422280
2218 0.000133685748
2222 0.000134960509
2226 0.000136246658
2230 0.000137544287
2234 0.000138853492
2238 0.000140174368
2242 0.000141507012
2246 0.000142851519
2250 0.000144207988
2254 0.000145576517
2258 0.000146957204
2262 0.000148350150
2266 0.000149755455
2270 0.000151173220
2274 0.000152603548
2278 0.000154046540
2282 0.000155502300
2286 0.000156970933
2290 0.000158452543
2294 0.000159947237
2298 0.000161455120
2302 0.000162976301
2306 0.000164510887
2310 0.000166058987
2314 0.000167620710
2318 0.000169196169
2322 0.000170785473
2326 0.000172388734
2330 0.000174006067
2334 0.000175637584
2338 0.000177283400
2342 0.000178943630
2346 0.000180618392
2350 0.000182307801
2354 0.000184011976
2358 0.000185731036
2362 0.000187465100
2366 0.000189214289
2370 0.000190978725
2374 0.000192758528
2378 0.000194553824
2382 0.000196364735
2386 0.000198191387
2390 0.000200033906
2394 0.000201892418
2398 0.000203767051
2402 0.000205657933
2406 0.000207565195
2410 0.000209488965
2414 0.000211429377
2418 0.000213386561
2422 0.000215360652
2426 0.000217351783
2430 0.000219360090
2434 0.000221385708
2438 0.000223428775
2442 0.000225489429
2446 0.000227567808
2450 0.000229664053
2454 0.000231778305
2458 0.000233910705
2462 0.000236061397
2466 0.000238230524
2470 0.000240418232
2474 0.000242624666
2478 0.000244849974
2482 0.000247094304
2486 0.000249357804
2490 0.000251640625
2494 0.000253942919
2498 0.000256264836
2502 0.000258606531
2506 0.000260968159
2510 0.000263349874
2514 0.000265751832
2518 0.000268174193
2522 0.000270617114
2526 0.000273080755
2530 0.000275565277
2534 0.000278070843
2538 0.000280597615
2542 0.000283145757
2546 0.000285715436
2550 0.000288306817
2554 0.000290920069
2558 0.000293555360
2562 0.000296212860
2566 0.000298892741
2570 0.000301595174
2574 0.000304320334
2578 0.000307068396
2582 0.000309839534
2586 0.000312633926
2590 0.000315451752
2594 0.000318293189
2598 0.000321158419
2602 0.000324047624
2606 0.000326960987
2610 0.000329898693
2614 0.000332860928
2618 0.000335847877
2622 0.000338859731
2626 0.000341896677
2630 0.000344958908
2634 0.000348046614
2638 0.000351159990
2642 0.000354299231
2646 0.000357464531
2650 0.000360656089
2654 0.000363874103
2658 0.000367118774
2662 0.000370390301
2666 0.000373688889
2670 0.000377014740
2674 0.000380368062
2678 0.000383749059
2682 0.000387157940
2686 0.000390594915
2690 0.000394060195
2694 0.000397553992
2698 0.000401076519
2702 0.000404627992
2706 0.000408208626
2710 0.000411818641
2714 0.000415458256
2718 0.000419127691
2722 0.000422827168
2726 0.000426556912
2730 0.000430317147
2734 0.000434108100
2738 0.000437930000
2742 0.000441783075
2746 0.000445667558
2750 0.000449583681
2754 0.000453531677
2758 0.000457511784
2762 0.000461524237
2766 0.000465569276
2770 0.000469647141
2774 0.000473758074
2778 0.000477902318
2782 0.000482080119
2786 0.000486291723
2790 0.000490537377
2794 0.000494817333
2798 0.000499131842
2802 0.000503481155
2806 0.000507865529
2810 0.000512285219
2814 0.000516740484
2818 0.000521231582
2822 0.000525758776
2826 0.000530322327
2830 0.000534922501
2834 0.000539559563
2838 0.000544233783
2842 0.000548945429
2846 0.000553694772
2850 0.000558482087
2854 0.000563307647
2858 0.000568171729
2862 0.000573074612
2866 0.000578016575
2870 0.000582997901
2874 0.000588018872
2878 0.000593079775
2882 0.000598180897
2886 0.000603322526
2890 0.000608504953
2894 0.000613728471
2898 0.000618993375
2902 0.000624299959
2906 0.000629648524
2910 0.000635039368
2914 0.000640472794
2918 0.000645949104
2922 0.000651468606
2926 0.000657031605
2930 0.000662638412
2934 0.000668289338
2938 0.000673984697
2942 0.000679724802
2946 0.000685509971
2950 0.000691340524
2954 0.000697216782
2958 0.000703139067
2962 0.000709107703
2966 0.000715123020
2970 0.000721185344
2974 0.000727295007
2978 0.000733452343
2982 0.000739657685
2986 0.000745911371
2990 0.000752213741
2994 0.000758565135
2998 0.000764965896
3002 0.000771416370
3006 0.000777916904
3010 0.000784467847
3014 0.000791069551
3018 0.000797722371
3022 0.000804426660
3026 0.000811182779
3030 0.000817991085
3034 0.000824851943
3038 0.000831765716
3042 0.000838732770
3046 0.000845753476
3050 0.000852828203
3054 0.000859957324
3058 0.000867141216
3062 0.000874380255
3066 0.000881674822
3070 0.000889025299
3074 0.000896432070
3078 0.000903895522
3082 0.000911416043
3086 0.000918994026
3090 0.000926629863
3094 0.000934323950
3098 0.000942076685
3102 0.000949888470
3106 0.000957759706
3110 0.000965690799
3114 0.000973682157
3118 0.000981734189
3122 0.000989847307
3126 0.000998021928
3130 0.001006258466
3134 0.001014557343
3138 0.001022918980
3142 0.001031343801
3146 0.001039832234
3150 0.001048384707
3154 0.001057001653
3158 0.001065683505
3162 0.001074430701
3166 0.001083243680
3170 0.001092122883
3174 0.001101068755
3178 0.001110081743
3182 0.001119162296
3186 0.001128310865
3190 0.001137527907
3194 0.001146813877
3198 0.001156169236
3202 0.001165594445
3206 0.001175089971
3210 0.001184656279
3214 0.001194293841
3218 0.001204003129
3222 0.001213784619
3226 0.001223638789
3230 0.001233566120
3234 0.001243567096
3238 0.001253642202
3242 0.001263791928
3246 0.001274016765
3250 0.001284317208
3254 0.001294693754
3258 0.001305146903
3262 0.001315677158
3266 0.001326285025
3270 0.001336971011
3274 0.001347735627
3278 0.001358579389
3282 0.001369502812
3286 0.001380506416
3290 0.001391590724
3294 0.001402756260
3298 0.001414003554
3302 0.001425333137
3306 0.001436745541
3310 0.001448241305
3314 0.001459820968
3318 0.001471485074
3322 0.001483234166
3326 0.001495068795
3330 0.001506989513
3334 0.001518996872
3338 0.001531091433
3342 0.001543273754
3346 0.001555544400
3350 0.001567903937
3354 0.001580352936
3358 0.001592891968
3362 0.001605521611
3366 0.001618242442
3370 0.001631055044
3374 0.001643960002
3378 0.001656957904
3382 0.001670049341
3386 0.001683234909
3390 0.001696515205
3394 0.001709890828
3398 0.001723362385
3402 0.001736930481
3406 0.001750595727
3410 0.001764358737
3414 0.001778220128
3418 0.001792180519
3422 0.001806240533
3426 0.001820400798
3430 0.001834661943
3434 0.001849024601
3438 0.001863489409
3442 0.001878057006
3446 0.001892728035
3450 0.001907503143
3454 0.001922382978
3458 0.001937368195
3462 0.001952459450
3466 0.001967657402
3470 0.001982962714
3474 0.001998376053
3478 0.002013898090
3482 0.002029529496
3486 0.002045270950
3490 0.002061123131
3494 0.002077086723
3498 0.002093162413
3502 0.002109350893
3506 0.002125652855
3510 0.002142068999
3514 0.002158600024
3518 0.002175246636
3522 0.002192009543
3526 0.002208889458
3530 0.002225887094
3534 0.002243003172
3538 0.002260238413
3542 0.002277593545
3546 0.002295069296
3550 0.002312666401
3554 0.002330385596
3558 0.002348227622
3562 0.002366193223
3566 0.002384283149
3570 0.002402498149
3574 0.002420838980
3578 0.002439306401
3582 0.002457901175
3586 0.002476624069
3590 0.002495475852
3594 0.002514457299
3598 0.002533569188
3602 0.002552812301
3606 0.002572187423
3610 0.002591695344
3614 0.002611336856
3618 0.002631112757
3622 0.002651023847
3626 0.002671070931
3630 0.002691254818
3634 0.002711576320
3638 0.002732036253
3642 0.002752635437
3646 0.002773374698
3650 0.002794254862
3654 0.002815276762
3658 0.002836441234
3662 0.002857749117
3666 0.002879201256
3670 0.002900798499
3674 0.002922541696
3678 0.002944431705
3682 0.002966469386
3686 0.002988655601
3690 0.003010991219
3694 0.003033477113
3698 0.003056114158
3702 0.003078903234
3706 0.003101845227
3710 0.003124941023
3714 0.003148191517
3718 0.003171597604
3722 0.003195160185
3726 0.003218880165
3730 0.003242758453
3734 0.003266795963
3738 0.003290993613
3742 0.003315352322
3746 0.003339873019
3750 0.003364556632
3754 0.003389404096
3758 0.003414416349
3762 0.003439594335
3766 0.003464939001
3770 0.003490451297
3774 0.003516132180
3778 0.003541982609
3782 0.003568003549
3786 0.003594195968
3790 0.003620560839
3794 0.003647099139
3798 0.003673811851
3802 0.003700699959
3806 0.003727764455
3810 0.003755006333
3814 0.003782426592
3818 0.003810026236
3822 0.003837806273
3826 0.003865767715
3830 0.003893911578
3834 0.003922238885
3838 0.003950750661
3842 0.003979447936
3846 0.004008331745
3850 0.004037403127
3854 0.004066663125
3858 0.004096112789
3862 0.004125753171
3866 0.004155585327
3870 0.004185610321
3874 0.004215829218
3878 0.004246243089
3882 0.004276853009
3886 0.004307660060
3890 0.004338665325
3894 0.004369869895
3898 0.004401274862
3902 0.004432881326
3906 0.004464690389
3910 0.004496703160
3914 0.004528920751
3918 0.004561344279
3922 0.004593974867
3926 0.004626813640
3930 0.004659861730
3934 0.004693120273
3938 0.004726590410
3942 0.004760273286
3946 0.004794170051
3950 0.004828281860
3954 0.004862609873
3958 0.004897155254
3962 0.004931919172
3966 0.004966902802
3970 0.005002107322
3974 0.005037533915
3978 0.005073183770
3982 0.005109058081
3986 0.005145158044
3990 0.005181484864
3994 0.005218039748
3998 0.005254823907
4002 0.005291838561
4006 0.005329084931
4010 0.005366564243
4014 0.005404277732
4018 0.005442226632
4022 0.005480412186
4026 0.005518835642
4030 0.005557498250
4034 0.005596401267
4038 0.005635545955
4042 0.005674933580
4046 0.005714565414
4050 0.005754442733
4054 0.005794566819
4058 0.005834938958
4062 0.005875560442
4066 0.005916432566
4070 0.005957556633
4074 0.005998933948
4078 0.006040565822
4082 0.006082453574
4086 0.006124598523
4090 0.006167001996
4094 0.006209665326
4098 0.006252589848
4102 0.006295776903
4106 0.006339227840
4110 0.006382944010
4114 0.006426926768
4118 0.006471177479
4122 0.006515697507
4126 0.006560488227
4130 0.006605551014
4134 0.006650887252
4138 0.006696498327
4142 0.006742385633
4146 0.006788550566
4150 0.006834994531
4154 0.006881718935
4158 0.006928725191
4162 0.006976014718
4166 0.007023588938
4170 0.007071449281
4174 0.007119597181
4178 0.007168034076
4182 0.007216761411
4186 0.007265780635
4190 0.007315093203
4194 0.007364700574
4198 0.007414604213
4202 0.007464805591
4206 0.007515306182
4210 0.007566107468
4214 0.007617210935
4218 0.007668618072
4222 0.007720330378
4226 0.007772349352
4230 0.007824676503
4234 0.007877313341
4238 0.007930261384
4242 0.007983522155
4246 0.008037097181
4250 0.008090987995
4254 0.008145196136
4258 0.008199723147
4262 0.008254570576
4266 0.008309739979
4270 0.008365232914
4274 0.008421050945
4278 0.008477195644
4282 0.008533668584
4286 0.008590471346
4290 0.008647605516
4294 0.008705072686
4298 0.008762874450
4302 0.008821012412
4306 0.008879488178
4310 0.008938303359
4314 0.008997459575
4318 0.009056958446
4322 0.009116801602
4326 0.009176990676
4330 0.009237527307
4334 0.009298413138
4338 0.009359649820
4342 0.009421239006
4346 0.009483182356
4350 0.009545481536
4354 0.009608138217
4358 0.009671154074
4362 0.009734530789
4366 0.009798270048
4370 0.009862373542
4374 0.009926842970
4378 0.009991680033
4382 0.010056886439
4386 0.010122463902
4390 0.010188414139
4394 0.010254738875
4398 0.010321439838
4402 0.010388518763
4406 0.010455977390
4410 0.010523817463
4414 0.010592040732
4418 0.010660648954
4422 0.010729643889
4426 0.010799027303
4430 0.010868800968
4434 0.010938966660
4438 0.011009526162
4442 0.011080481260
4446 0.011151833748
4450 0.011223585424
4454 0.011295738090
4458 0.011368293556
4462 0.011441253634
4466 0.011514620144
4470 0.011588394911
4474 0.011662579764
4478 0.011737176538
4482 0.011812187072
4486 0.011887613214
4490 0.011963456812
4494 0.012039719723
4498 0.012116403808
4502 0.012193510934
4506 0.012271042972
4510 0.012349001800
4514 0.012427389298
4518 0.012506207355
4522 0.012585457863
4526 0.012665142720
4530 0.012745263829
4534 0.012825823098
4538 0.012906822440
4542 0.012988263774
4546 0.013070149024
4550 0.013152480119
4554 0.013235258992
4558 0.013318487583
4562 0.013402167837
4566 0.013486301703
4570 0.013570891136
4574 0.013655938096
4578 0.013741444547
4582 0.013827412460
4586 0.013913843810
4590 0.014000740578
4594 0.014088104749
4598 0.014175938313
4602 0.014264243266
4606 0.014353021609
4610 0.014442275347
4614 0.014532006492
4618 0.014622217059
4622 0.014712909070
4626 0.014804084550
4630 0.014895745529
4634 0.014987894045
4638 0.015080532138
4642 0.015173661855
4646 0.015267285245
4650 0.015361404365
4654 0.015456021276
4658 0.015551138045
4662 0.015646756740
4666 0.015742879439
4670 0.015839508222
4674 0.015936645174
4678 0.016034292386
4682 0.016132451953
4686 0.016231125976
4690 0.016330316559
4694 0.016430025813
4698 0.016530255851
4702 0.016631008794
4706 0.016732286766
4710 0.016834091896
4714 0.016936426318
4718 0.017039292171
4722 0.017142691597
4726 0.017246626747
4730 0.017351099771
4734 0.017456112828
4738 0.017561668081
4742 0.017667767696
4746 0.017774413844
4750 0.017881608703
4754 0.017989354454
4758 0.018097653281
4762 0.018206507375
4766 0.018315918931
4770 0.018425890148
4774 0.018536423231
4778 0.018647520387
4782 0.018759183829
4786 0.018871415777
4790 0.018984218450
4794 0.019097594076
4798 0.019211544886
4802 0.019326073115
4806 0.019441181003
4810 0.019556870794
4814 0.019673144737
4818 0.019790005085
4822 0.019907454095
4826 0.020025494029
4830 0.020144127154
4834 0.020263355738
4838 0.020383182057
4842 0.020503608390
4846 0.020624637020
4850 0.020746270234
4854 0.020868510324
4858 0.020991359585
4862 0.021114820318
4866 0.021238894825
4870 0.021363585416
4874 0.021488894403
4878 0.021614824101
4882 0.021741376832
4886 0.021868554919
4890 0.021996360691
4894 0.022124796481
4898 0.022253864625
4902 0.022383567462
4906 0.022513907338
4910 0.022644886600
4914 0.022776507600
4918 0.022908772695
4922 0.023041684244
4926 0.023175244610
4930 0.023309456161
4934 0.023444321268
4938 0.023579842306
4942 0.023716021652
4946 0.023852861690
4950 0.023990364805
4954 0.024128533386
4958 0.024267369827
4962 0.024406876524
4966 0.024547055878
4970 0.024687910293
4974 0.024829442175
4978 0.024971653935
4982 0.025114547988
4986 0.025258126751
4990 0.025402392646
4994 0.025547348097
4998 0.025692995531
5002 0.025839337379
5006 0.025986376077
5010 0.026134114061
5014 0.026282553773
5018 0.026431697657
5022 0.026581548160
5026 0.026732107732
5030 0.026883378827
5034 0.027035363902
5038 0.027188065416
5042 0.027341485832
5046 0.027495627616
5050 0.027650493237
5054 0.027806085166
5058 0.027962405877
5062 0.028119457849
5066 0.028277243562
5070 0.028435765499
5074 0.028595026145
5078 0.028755027989
5082 0.028915773524
5086 0.029077265242
5090 0.029239505641
5094 0.029402497220
5098 0.029566242481
5102 0.029730743929
5106 0.029896004070
5110 0.030062025415
5114 0.030228810475
5118 0.030396361765
5122 0.030564681802
5126 0.030733773105
5130 0.030903638195
5134 0.031074279597
5138 0.031245699836
5142 0.031417901441
5146 0.031590886943
5150 0.031764658873
5154 0.031939219768
5158 0.032114572163
5162 0.032290718599
5166 0.032467661614
5170 0.032645403754
5174 0.032823947562
5178 0.033003295585
5182 0.033183450372
5186 0.033364414473
5190 0.033546190441
5194 0.033728780829
5198 0.033912188194
5202 0.034096415092
5206 0.034281464083
5210 0.034467337727
5214 0.034654038586
5218 0.034841569224
5222 0.035029932207
5226 0.035219130100
5230 0.035409165472
5234 0.035600040892
5238 0.035791758931
5242 0.035984322161
5246 0.036177733155
5250 0.036371994487
5254 0.036567108734
5258 0.036763078471
5262 0.036959906276
5266 0.037157594729
5270 0.037356146409
5274 0.037555563897
5278 0.037755849774
5282 0.037957006623
5286 0.038159037027
5290 0.038361943571
5294 0.038565728839
5298 0.038770395417
5302 0.038975945891
5306 0.039182382849
5310 0.039389708876
5314 0.039597926562
5318 0.039807038494
5322 0.040017047262
5326 0.040227955455
5330 0.040439765662
5334 0.040652480473
5338 0.040866102478
5342 0.041080634268
5346 0.041296078433
5350 0.041512437563
5354 0.041729714250
5358 0.041947911084
5362 0.042167030656
5366 0.042387075556
5370 0.042608048374
5374 0.042829951702
5378 0.043052788130
5382 0.043276560246
5386 0.043501270641
5390 0.043726921905
5394 0.043953516625
5398 0.044181057390
5402 0.044409546788
5406 0.044638987407
5410 0.044869381833
5414 0.045100732652
5418 0.045333042450
5422 0.045566313811
5426 0.045800549319
5430 0.046035751558
5434 0.046271923109
5438 0.046509066554
5442 0.046747184473
5446 0.046986279445
5450 0.047226354048
5454 0.047467410860
5458 0.047709452455
5462 0.047952481409
5466 0.048196500295
5470 0.048441511685
5474 0.048687518149
5478 0.048934522256
5482 0.049182526574
5486 0.049431533669
5490 0.049681546106
5494 0.049932566446
5498 0.050184597252
5502 0.050437641082
5506 0.050691700495
5510 0.050946778044
5514 0.051202876285
5518 0.051459997769
5522 0.051718145046
5526 0.051977320663
5530 0.052237527166
5534 0.052498767097
5538 0.052761042999
5542 0.053024357410
5546 0.053288712866
5550 0.053554111901
5554 0.053820557047
5558 0.054088050833
5562 0.054356595785
5566 0.054626194428
5570 0.054896849281
5574 0.055168562864
5578 0.055441337692
5582 0.055715176278
5586 0.055990081132
5590 0.056266054760
5594 0.056543099667
5598 0.056821218354
5602 0.057100413317
5606 0.057380687052
5610 0.057662042049
5614 0.057944480797
5618 0.058228005780
5622 0.058512619479
5626 0.058798324372
5630 0.059085122933
5634 0.059373017632
5638 0.059662010937
5642 0.059952105311
5646 0.060243303212
5650 0.060535607097
5654 0.060829019418
5658 0.061123542621
5662 0.061419179151
5666 0.061715931448
5670 0.062013801947
5674 0.062312793079
5678 0.062612907272
5682 0.062914146948
5686 0.063216514527
5690 0.063520012421
5694 0.063824643042
5698 0.064130408793
5702 0.064437312075
5706 0.064745355285
5710 0.065054540813
5714 0.065364871046
5718 0.065676348365
5722 0.065988975146
5726 0.066302753762
5730 0.066617686579
5734 0.066933775959
5738 0.067251024258
5742 0.067569433827
5746 0.067889007012
5750 0.068209746155
5754 0.068531653589
5758 0.068854731645
5762 0.069178982648
5766 0.069504408915
5770 0.069831012761
5774 0.070158796491
5778 0.070487762409
5782 0.070817912810
5786 0.071149249984
5790 0.071481776215
5794 0.071815493780
5798 0.072150404953
5802 0.072486511998
5806 0.072823817175
5810 0.073162322738
5814 0.073502030933
5818 0.073842944002
5822 0.074185064178
5826 0.074528393690
5830 0.074872934758
5834 0.075218689598
5838 0.075565660416
5842 0.075913849414
5846 0.076263258786
5850 0.076613890719
5854 0.076965747395
5858 0.077318830986
5862 0.077673143659
5866 0.078028687573
5870 0.078385464880
5874 0.078743477724
5878 0.079102728244
5882 0.079463218569
5886 0.079824950821
5890 0.080187927117
5894 0.080552149563
5898 0.080917620259
5902 0.081284341297
5906 0.081652314762
5910 0.082021542730
5914 0.082392027269
5918 0.082763770441
5922 0.083136774299
5926 0.083511040885
5930 0.083886572238
5934 0.084263370385
5938 0.084641437345
5942 0.085020775131
5946 0.085401385746
5950 0.085783271184
5954 0.086166433431
5958 0.086550874465
5962 0.086936596254
5966 0.087323600759
5970 0.087711889931
5974 0.088101465712
5978 0.088492330036
5982 0.088884484827
5986 0.089277932001
5990 0.089672673463
5994 0.090068711112
5998 0.090466046836
6002 0.090864682511
6006 0.091264620009
6010 0.091665861188
6014 0.092068407899
6018 0.092472261983
6022 0.092877425270
6026 0.093283899582
6030 0.093691686731
6034 0.094100788518
6038 0.094511206735
6042 0.094922943164
6046 0.095335999578
6050 0.095750377737
6054 0.096166079394
6058 0.096583106290
6062 0.097001460156
6066 0.097421142714
6070 0.097842155673
6074 0.098264500734
6078 0.098688179586
6082 0.099113193909
6086 0.099539545369
6090 0.099967235626
6094 0.100396266325
6098 0.100826639102
6102 0.101258355583
6106 0.101691417382
6110 0.102125826101
6114 0.102561583333
6118 0.102998690658
6122 0.103437149646
6126 0.103876961855
6130 0.104318128832
6134 0.104760652112
6138 0.105204533219
6142 0.105649773667
6146 0.106096374955
6150 0.106544338573
6154 0.106993665999
6158 0.107444358698
6162 0.107896418124
6166 0.108349845718
6170 0.108804642912
6174 0.109260811123
6178 0.109718351757
6182 0.110177266207
6186 0.110637555855
6190 0.111099222071
6194 0.111562266210
6198 0.112026689619
6202 0.112492493627
6206 0.112959679556
6210 0.113428248712
6214 0.113898202389
6218 0.114369541869
6222 0.114842268420
6226 0.115316383299
6230 0.115791887748
6234 0.116268782999
6238 0.116747070267
6242 0.117226750757
6246 0.117707825660
6250 0.118190296153
6254 0.118674163402
6258 0.119159428557
6262 0.119646092756
6266 0.120134157123
6270 0.120623622771
6274 0.121114490795
6278 0.121606762279
6282 0.122100438295
6286 0.122595519898
6290 0.123092008131
6294 0.123589904023
6298 0.124089208588
6302 0.124589922828
6306 0.125092047730
6310 0.125595584267
6314 0.126100533397
6318 0.126606896065
6322 0.127114673202
6326 0.127623865723
6330 0.128134474531
6334 0.128646500512
6338 0.129159944541
6342 0.129674807474
6346 0.130191090157
6350 0.130708793418
6354 0.131227918072
6358 0.131748464919
6362 0.132270434743
6366 0.132793828315
6370 0.133318646391
6374 0.133844889710
6378 0.134372558998
6382 0.134901654966
6386 0.135432178308
6390 0.135964129704
6394 0.136497509820
6398 0.137032319305
6402 0.137568558793
6406 0.138106228902
6410 0.138645330238
6414 0.139185863386
6418 0.139727828920
6422 0.140271227397
6426 0.140816059357
6430 0.141362325327
6434 0.141910025816
6438 0.142459161318
6442 0.143009732311
6446 0.143561739258
6450 0.144115182604
6454 0.144670062781
6458 0.145226380202
6462 0.145784135266
6466 0.146343328355
6470 0.146903959835
6474 0.147466030056
6478 0.148029539350
6482 0.148594488036
6486 0.149160876414
6490 0.149728704767
6494 0.150297973365
6498 0.150868682458
6502 0.151440832281
6506 0.152014423053
6510 0.152589454974
6514 0.153165928231
6518 0.153743842990
6522 0.154323199403
6526 0.154903997605
6530 0.155486237713
6534 0.156069919828
6538 0.156655044033
6542 0.157241610397
6546 0.157829618967
6550 0.158419069776
6554 0.159009962841
6558 0.159602298160
6562 0.160196075712
6566 0.160791295463
6570 0.161387957359
6574 0.161986061328
6578 0.162585607283
6582 0.163186595119
6586 0.163789024711
6590 0.164392895919
6594 0.164998208586
6598 0.165604962534
6602 0.166213157572
6606 0.166822793488
6610 0.167433870053
6614 0.168046387021
6618 0.168660344127
6622 0.169275741090
6626 0.169892577610
6630 0.170510853369
6634 0.171130568030
6638 0.171751721242
6642 0.172374312631
6646 0.172998341809
6650 0.173623808367
6654 0.174250711881
6658 0.174879051905
6662 0.175508827977
6666 0.176140039619
6670 0.176772686330
6674 0.177406767595
6678 0.178042282877
6682 0.178679231625
6686 0.179317613265
6690 0.179957427209
6694 0.180598672847
6698 0.181241349552
6702 0.181885456679
6706 0.182530993564
6710 0.183177959524
6714 0.183826353858
6718 0.184476175847
6722 0.185127424753
6726 0.185780099818
6730 0.186434200266
6734 0.187089725304
6738 0.187746674118
6742 0.188405045877
6746 0.189064839729
6750 0.189726054806
6754 0.190388690220
6758 0.191052745062
6762 0.191718218408
6766 0.192385109312
6770 0.193053416810
6774 0.193723139920
6778 0.194394277640
6782 0.195066828949
6786 0.195740792807
6790 0.196416168156
6794 0.197092953918
6798 0.197771148995
6802 0.198450752273
6806 0.199131762614
6810 0.199814178867
6814 0.200497999855
6818 0.201183224388
6822 0.201869851254
6826 0.202557879220
6830 0.203247307038
6834 0.203938133437
6838 0.204630357128
6842 0.205323976804
6846 0.206018991137
6850 0.206715398780
6854 0.207413198368
6858 0.208112388515
6862 0.208812967816
6866 0.209514934848
6870 0.210218288166
6874 0.210923026308
6878 0.211629147792
6882 0.212336651115
6886 0.213045534758
6890 0.213755797179
6894 0.214467436818
6898 0.215180452097
6902 0.215894841415
6906 0.216610603155
6910 0.217327735678
6914 0.218046237328
6918 0.218766106427
6922 0.219487341280
6926 0.220209940169
6930 0.220933901361
6934 0.221659223099
6938 0.222385903610
6942 0.223113941099
6946 0.223843333752
6950 0.224574079738
6954 0.225306177202
6958 0.226039624274
6962 0.226774419060
6966 0.227510559650
6970 0.228248044113
6974 0.228986870499
6978 0.229727036837
6982 0.230468541137
6986 0.231211381392
6990 0.231955555572
6994 0.232701061629
6998 0.233447897495
7002 0.234196061082
7006 0.234945550285
7010 0.235696362976
7014 0.236448497009
7018 0.237201950219
7022 0.237956720422
7026 0.238712805411
7030 0.239470202963
7034 0.240228910835
7038 0.240988926763
7042 0.241750248465
7046 0.242512873638
7050 0.243276799961
7054 0.244042025093
7058 0.244808546672
7062 0.245576362319
7066 0.246345469635
7070 0.247115866200
7074 0.247887549575
7078 0.248660517304
7082 0.249434766908
7086 0.250210295892
7090 0.250987101738
7094 0.251765181912
7098 0.252544533858
7102 0.253325155003
7106 0.254107042753
7110 0.254890194495
7114 0.255674607597
7118 0.256460279408
7122 0.257247207257
7126 0.258035388454
7130 0.258824820290
7134 0.259615500036
7138 0.260407424945
7142 0.261200592250
7146 0.261994999166
7150 0.262790642886
7154 0.263587520587
7158 0.264385629427
7162 0.265184966541
7166 0.265985529049
7170 0.266787314050
7174 0.267590318625
7178 0.268394539835
7182 0.269199974724
7186 0.270006620313
7190 0.270814473609
7194 0.271623531597
7198 0.272433791244
7202 0.273245249498
7206 0.274057903288
7210 0.274871749524
7214 0.275686785100
7218 0.276503006886
7222 0.277320411739
7226 0.278138996493
7230 0.278958757965
7234 0.279779692954
7238 0.280601798240
7242 0.281425070583
7246 0.282249506727
7250 0.283075103396
7254 0.283901857295
7258 0.284729765112
7262 0.285558823516
7266 0.286389029158
7270 0.287220378669
7274 0.288052868664
7278 0.288886495738
7282 0.289721256469
7286 0.290557147417
7290 0.291394165122
7294 0.292232306108
7298 0.293071566880
7302 0.293911943925
7306 0.294753433711
7310 0.295596032690
7314 0.296439737296
7318 0.297284543942
7322 0.298130449028
7326 0.298977448932
7330 0.299825540017
7334 0.300674718626
7338 0.301524981087
7342 0.302376323708
7346 0.303228742781
7350 0.304082234579
7354 0.304936795360
7358 0.305792421361
7362 0.306649108804
7366 0.307506853894
7370 0.308365652818
7374 0.309225501745
7378 0.310086396827
7382 0.310948334200
7386 0.311811309983
7390 0.312675320275
7394 0.313540361161
7398 0.314406428709
7402 0.315273518968
7406 0.316141627973
7410 0.317010751738
7414 0.317880886265
7418 0.318752027536
7422 0.319624171517
7426 0.320497314159
7430 0.321371451395
7434 0.322246579140
7438 0.323122693297
7442 0.323999789749
7446 0.324877864362
7450 0.325756912989
7454 0.326636931465
7458 0.327517915609
7462 0.328399861223
7466 0.329282764094
7470 0.330166619993
7474 0.331051424676
7478 0.331937173880
7482 0.332823863329
7486 0.333711488731
7490 0.334600045777
7494 0.335489530143
7498 0.336379937490
7502 0.337271263463
7506 0.338163503691
7510 0.339056653789
7514 0.339950709355
7518 0.340845665973
7522 0.341741519212
7526 0.342638264625
7530 0.343535897749
7534 0.344434414108
7538 0.345333809210
7542 0.346234078549
7546 0.347135217604
7550 0.348037221837
7554 0.348940086699
7558 0.349843807623
7562 0.350748380030
7566 0.351653799325
7570 0.352560060899
7574 0.353467160130
7578 0.354375092379
7582 0.355283852995
7586 0.356193437313
7590 0.357103840652
7594 0.358015058318
7598 0.358927085605
7602 0.359839917789
7606 0.360753550137
7610 0.361667977899
7614 0.362583196312
7618 0.363499200600
7622 0.364415985973
7626 0.365333547629
7630 0.366251880750
7634 0.367170980508
7638 0.368090842060
7642 0.369011460549
7646 0.369932831107
7650 0.370854948851
7654 0.371777808888
7658 0.372701406308
7662 0.373625736194
7666 0.374550793610
7670 0.375476573612
7674 0.376403071242
7678 0.377330281530
7682 0.378258199492
7686 0.379186820135
7690 0.380116138450
7694 0.381046149419
7698 0.381976848011
7702 0.382908229182
7706 0.383840287878
7710 0.384773019032
7714 0.385706417566
7718 0.386640478389
7722 0.387575196400
7726 0.388510566487
7730 0.389446583525
7734 0.390383242379
7738 0.391320537902
7742 0.392258464936
7746 0.393197018312
7750 0.394136192852
7754 0.395075983364
7758 0.396016384647
7762 0.396957391490
7766 0.397898998669
7770 0.398841200952
7774 0.399783993095
7778 0.400727369845
7782 0.401671325938
7786 0.402615856100
7790 0.403560955046
7794 0.404506617482
7798 0.405452838106
7802 0.406399611602
7806 0.407346932647
7810 0.408294795909
7814 0.409243196044
7818 0.410192127701
7822 0.411141585519
7826 0.412091564126
7830 0.413042058143
7834 0.413993062182
7838 0.414944570844
7842 0.415896578723
7846 0.416849080403
7850 0.417802070461
7854 0.418755543463
7858 0.419709493968
7862 0.420663916527
7866 0.421618805681
7870 0.422574155965
7874 0.423529961903
7878 0.424486218014
7882 0.425442918807
7886 0.426400058784
7890 0.427357632439
7894 0.428315634258
7898 0.429274058721
7902 0.430232900297
7906 0.431192153452
7910 0.432151812642
7914 0.433111872316
7918 0.434072326917
7922 0.435033170880
7926 0.435994398633
7930 0.436956004599
7934 0.437917983192
7938 0.438880328820
7942 0.439843035886
7946 0.440806098784
7950 0.441769511905
7954 0.442733269630
7958 0.443697366337
7962 0.444661796396
7966 0.445626554173
7970 0.446591634026
7974 0.447557030308
7978 0.448522737368
7982 0.449488749546
7986 0.450455061181
7990 0.451421666604
7994 0.452388560140
7998 0.453355736111
8002 0.454323188832
8006 0.455290912615
8010 0.456258901767
8014 0.457227150588
8018 0.458195653375
8022 0.459164404422
8026 0.460133398015
8030 0.461102628439
8034 0.462072089973
8038 0.463041776892
8042 0.464011683468
8046 0.464981803967
8050 0.465952132655
8054 0.466922663789
8058 0.467893391627
8062 0.468864310422
8066 0.469835414422
8070 0.470806697874
8074 0.471778155020
8078 0.472749780100
8082 0.473721567351
8086 0.474693511007
8090 0.475665605299
8094 0.476637844455
8098 0.477610222700
8102 0.478582734259
8106 0.479555373351
8110 0.480528134196
8114 0.481501011010
8118 0.482473998008
8122 0.483447089401
8126 0.484420279400
8130 0.485393562215
8134 0.486366932051
8138 0.487340383115
8142 0.488313909611
8146 0.489287505742
8150 0.490261165708
8154 0.491234883711
8158 0.492208653949
8162 0.493182470622
8166 0.494156327926
8170 0.495130220059
8174 0.496104141216
8178 0.497078085594
8182 0.498052047387
8186 0.499026020791
8190 0.500000000000
8194 0.500973979209
8198 0.501947952613
8202 0.502921914406
8206 0.503895858784
8210 0.504869779941
8214 0.505843672074
8218 0.506817529378
8222 0.507791346051
8226 0.508765116289
8230 0.509738834292
8234 0.510712494258
8238 0.511686090389
8242 0.512659616885
8246 0.513633067949
8250 0.514606437785
8254 0.515579720600
8258 0.516552910599
8262 0.517526001992
8266 0.518498988990
8270 0.519471865804
8274 0.520444626649
8278 0.521417265741
8282 0.522389777300
8286 0.523362155545
8290 0.524334394701
8294 0.525306488993
8298 0.526278432649
8302 0.527250219900
8306 0.528221844980
8310 0.529193302126
8314 0.530164585578
8318 0.531135689578
8322 0.532106608373
8326 0.533077336211
8330 0.534047867345
8334 0.535018196033
8338 0.535988316532
8342 0.536958223108
8346 0.537927910027
8350 0.538897371561
8354 0.539866601985
8358 0.540835595578
8362 0.541804346625
8366 0.542772849412
8370 0.543741098233
8374 0.544709087385
8378 0.545676811168
8382 0.546644263889
8386 0.547611439860
8390 0.548578333396
8394 0.549544938819
8398 0.550511250454
8402 0.551477262632
8406 0.552442969692
8410 0.553408365974
8414 0.554373445827
8418 0.555338203604
8422 0.556302633663
8426 0.557266730370
8430 0.558230488095
8434 0.559193901216
8438 0.560156964114
8442 0.561119671180
8446 0.562082016808
8450 0.563043995401
8454 0.564005601367
8458 0.564966829120
8462 0.565927673083
8466 0.566888127684
8470 0.567848187358
8474 0.568807846548
8478 0.569767099703
8482 0.570725941279
8486 0.571684365742
8490 0.572642367561
8494 0.573599941216
8498 0.574557081193
8502 0.575513781986
8506 0.576470038097
8510 0.577425844035
8514 0.578381194319
8518 0.579336083473
8522 0.580290506032
8526 0.581244456537
8530 0.582197929539
8534 0.583150919597
8538 0.584103421277
8542 0.585055429156
8546 0.586006937818
8550 0.586957941857
8554 0.587908435874
8558 0.588858414481
8562 0.589807872299
8566 0.590756803956
8570 0.591705204091
8574 0.592653067353
8578 0.593600388398
8582 0.594547161894
8586 0.595493382518
8590 0.596439044954
8594 0.597384143900
8598 0.598328674062
8602 0.599272630155
8606 0.600216006905
8610 0.601158799048
8614 0.602101001331
8618 0.603042608510
8622 0.603983615353
8626 0.604924016636
8630 0.605863807148
8634 0.606802981688
8638 0.607741535064
8642 0.608679462098
8646 0.609616757621
8650 0.610553416475
8654 0.611489433513
8658 0.612424803600
8662 0.613359521611
8666 0.614293582434
8670 0.615226980968
8674 0.616159712122
8678 0.617091770818
8682 0.618023151989
8686 0.618953850581
8690 0.619883861550
8694 0.620813179865
8698 0.621741800508
8702 0.622669718470
8706 0.623596928758
8710 0.624523426388
8714 0.625449206390
8718 0.626374263806
8722 0.627298593692
8726 0.628222191112
8730 0.629145051149
8734 0.630067168893
8738 0.630988539451
8742 0.631909157940
8746 0.632829019492
8750 0.633748119250
8754 0.634666452371
8758 0.635584014027
8762 0.636500799400
8766 0.637416803688
8770 0.638332022101
8774 0.639246449863
8778 0.640160082211
8782 0.641072914395
8786 0.641984941682
8790 0.642896159348
8794 0.643806562687
8798 0.644716147005
8802 0.645624907621
8806 0.646532839870
8810 0.647439939101
8814 0.648346200675
8818 0.649251619970
8822 0.650156192377
8826 0.651059913301
8830 0.651962778163
8834 0.652864782396
8838 0.653765921451
8842 0.654666190790
8846 0.655565585892
8850 0.656464102251
8854 0.657361735375
8858 0.658258480788
8862 0.659154334027
8866 0.660049290645
8870 0.660943346211
8874 0.661836496309
8878 0.662728736537
8882 0.663620062510
8886 0.664510469857
8890 0.665399954223
8894 0.666288511269
8898 0.667176136671
8902 0.668062826120
8906 0.668948575324
8910 0.669833380007
8914 0.670717235906
8918 0.671600138777
8922 0.672482084391
8926 0.673363068535
8930 0.674243087011
8934 0.675122135638
8938 0.676000210251
8942 0.676877306703
8946 0.677753420860
8950 0.678628548605
8954 0.679502685841
8958 0.680375828483
8962 0.681247972464
8966 0.682119113735
8970 0.682989248262
8974 0.683858372027
8978 0.684726481032
8982 0.685593571291
8986 0.686459638839
8990 0.687324679725
8994 0.688188690017
8998 0.689051665800
9002 0.689913603173
9006 0.690774498255
9010 0.691634347182
9014 0.692493146106
9018 0.693350891196
9022 0.694207578639
9026 0.695063204640
9030 0.695917765421
9034 0.696771257219
9038 0.697623676292
9042 0.698475018913
9046 0.699325281374
9050 0.700174459983
9054 0.701022551068
9058 0.701869550972
9062 0.702715456058
9066 0.703560262704
9070 0.704403967310
9074 0.705246566289
9078 0.706088056075
9082 0.706928433120
9086 0.707767693892
9090 0.708605834878
9094 0.709442852583
9098 0.710278743531
9102 0.711113504262
9106 0.711947131336
9110 0.712779621331
9114 0.713610970842
9118 0.714441176484
9122 0.715270234888
9126 0.716098142705
9130 0.716924896604
9134 0.717750493273
9138 0.718574929417
9142 0.719398201760
9146 0.720220307046
9150 0.721041242035
9154 0.721861003507
9158 0.722679588261
9162 0.723496993114
9166 0.724313214900
9170 0.725128250476
9174 0.725942096712
9178 0.726754750502
9182 0.727566208756
9186 0.728376468403
9190 0.729185526391
9194 0.729993379687
9198 0.730800025276
9202 0.731605460165
9206 0.732409681375
9210 0.733212685950
9214 0.734014470951
9218 0.734815033459
9222 0.735614370573
9226 0.736412479413
9230 0.737209357114
9234 0.738005000834
9238 0.738799407750
9242 0.739592575055
9246 0.740384499964
9250 0.741175179710
9254 0.741964611546
9258 0.742752792743
9262 0.743539720592
9266 0.744325392403
9270 0.745109805505
9274 0.745892957247
9278 0.746674844997
9282 0.747455466142
9286 0.748234818088
9290 0.749012898262
9294 0.749789704108
9298 0.750565233092
9302 0.751339482696
9306 0.752112450425
9310 0.752884133800
9314 0.753654530365
9318 0.754423637681
9322 0.755191453328
9326 0.755957974907
9330 0.756723200039
9334 0.757487126362
9338 0.758249751535
9342 0.759011073237
9346 0.759771089165
9350 0.760529797037
9354 0.761287194589
9358 0.762043279578
9362 0.762798049781
9366 0.763551502991
9370 0.764303637024
9374 0.765054449715
9378 0.765803938918
9382 0.766552102505
9386 0.767298938371
9390 0.768044444428
9394 0.768788618608
9398 0.769531458863
9402 0.770272963163
9406 0.771013129501
9410 0.771751955887
9414 0.772489440350
9418 0.773225580940
9422 0.773960375726
9426 0.774693822798
9430 0.775425920262
9434 0.776156666248
9438 0.776886058901
9442 0.777614096390
9446 0.778340776901
9450 0.779066098639
9454 0.779790059831
9458 0.780512658720
9462 0.781233893573
9466 0.781953762672
9470 0.782672264322
9474 0.783389396845
9478 0.784105158585
9482 0.784819547903
9486 0.785532563182
9490 0.786244202821
9494 0.786954465242
9498 0.787663348885
9502 0.788370852208
9506 0.789076973692
9510 0.789781711834
9514 0.790485065152
9518 0.791187032184
9522 0.791887611485
9526 0.792586801632
9530 0.793284601220
9534 0.793981008863
9538 0.794676023196
9542 0.795369642872
9546 0.796061866563
9550 0.796752692962
9554 0.797442120780
9558 0.798130148746
9562 0.798816775612
9566 0.799502000145
9570 0.800185821133
9574 0.800868237386
9578 0.801549247727
9582 0.802228851005
9586 0.802907046082
9590 0.803583831844
9594 0.804259207193
9598 0.804933171051
9602 0.805605722360
9606 0.806276860080
9610 0.806946583190
9614 0.807614890688
9618 0.808281781592
9622 0.808947254938
9626 0.809611309780
9630 0.810273945194
9634 0.810935160271
9638 0.811594954123
9642 0.812253325882
9646 0.812910274696
9650 0.813565799734
9654 0.814219900182
9658 0.814872575247
9662 0.815523824153
9666 0.816173646142
9670 0.816822040476
9674 0.817469006436
9678 0.818114543321
9682 0.818758650448
9686 0.819401327153
9690 0.820042572791
9694 0.820682386735
9698 0.821320768375
9702 0.821957717123
9706 0.822593232405
9710 0.823227313670
9714 0.823859960381
9718 0.824491172023
9722 0.825120948095
9726 0.825749288119
9730 0.826376191633
9734 0.827001658191
9738 0.827625687369
9742 0.828248278758
9746 0.828869431970
9750 0.829489146631
9754 0.830107422390
9758 0.830724258910
9762 0.831339655873
9766 0.831953612979
9770 0.832566129947
9774 0.833177206512
9778 0.833786842428
9782 0.834395037466
9786 0.835001791414
9790 0.835607104081
9794 0.836210975289
9798 0.836813404881
9802 0.837414392717
9806 0.838013938672
9810 0.838612042641
9814 0.839208704537
9818 0.839803924288
9822 0.840397701840
9826 0.840990037159
9830 0.841580930224
9834 0.842170381033
9838 0.842758389603
9842 0.843344955967
9846 0.843930080172
9850 0.844513762287
9854 0.845096002395
9858 0.845676800597
9862 0.846256157010
9866 0.846834071769
9870 0.847410545026
9874 0.847985576947
9878 0.848559167719
9882 0.849131317542
9886 0.849702026635
9890 0.850271295233
9894 0.850839123586
9898 0.851405511964
9902 0.851970460650
9906 0.852533969944
9910 0.853096040165
9914 0.853656671645
9918 0.854215864734
9922 0.854773619798
9926 0.855329937219
9930 0.855884817396
9934 0.856438260742
9938 0.856990267689
9942 0.857540838682
9946 0.858089974184
9950 0.858637674673
9954 0.859183940643
9958 0.859728772603
9962 0.860272171080
9966 0.860814136614
9970 0.861354669762
9974 0.861893771098
9978 0.862431441207
9982 0.862967680695
9986 0.863502490180
9990 0.864035870296
9994 0.864567821692
9998 0.865098345034
10002 0.865627441002
10006 0.866155110290
10010 0.866681353609
10014 0.867206171685
10018 0.867729565257
10022 0.868251535081
10026 0.868772081928
10030 0.869291206582
10034 0.869808909843
10038 0.870325192526
10042 0.870840055459
10046 0.871353499488
10050 0.871865525469
10054 0.872376134277
10058 0.872885326798
10062 0.873393103935
10066 0.873899466603
10070 0.874404415733
10074 0.874907952270
10078 0.875410077172
10082 0.875910791412
10086 0.876410095977
10090 0.876907991869
10094 0.877404480102
10098 0.877899561705
10102 0.878393237721
10106 0.878885509205
10110 0.879376377229
10114 0.879865842877
10118 0.880353907244
10122 0.880840571443
10126 0.881325836598
10130 0.881809703847
10134 0.882292174340
10138 0.882773249243
10142 0.883252929733
10146 0.883731217001
10150 0.884208112252
10154 0.884683616701
10158 0.885157731580
10162 0.885630458131
10166 0.886101797611
10170 0.886571751288
10174 0.887040320444
10178 0.887507506373
10182 0.887973310381
10186 0.888437733790
10190 0.888900777929
10194 0.889362444145
10198 0.889822733793
10202 0.890281648243
10206 0.890739188877
10210 0.891195357088
10214 0.891650154282
10218 0.892103581876
10222 0.892555641302
10226 0.893006334001
10230 0.893455661427
10234 0.893903625045
10238 0.894350226333
10242 0.894795466781
10246 0.895239347888
10250 0.895681871168
10254 0.896123038145
10258 0.896562850354
10262 0.897001309342
10266 0.897438416667
10270 0.897874173899
10274 0.898308582618
10278 0.898741644417
10282 0.899173360898
10286 0.899603733675
10290 0.900032764374
10294 0.900460454631
10298 0.900886806091
10302 0.901311820414
10306 0.901735499266
10310 0.902157844327
10314 0.902578857286
10318 0.902998539844
10322 0.903416893710
10326 0.903833920606
10330 0.904249622263
10334 0.904664000422
10338 0.905077056836
10342 0.905488793265
10346 0.905899211482
10350 0.906308313269
10354 0.906716100418
10358 0.907122574730
10362 0.907527738017
10366 0.907931592101
10370 0.908334138812
10374 0.908735379991
10378 0.909135317489
10382 0.909533953164
10386 0.909931288888
10390 0.910327326537
10394 0.910722067999
10398 0.911115515173
10402 0.911507669964
10406 0.911898534288
10410 0.912288110069
10414 0.912676399241
10418 0.913063403746
10422 0.913449125535
10426 0.913833566569
10430 0.914216728816
10434 0.914598614254
10438 0.914979224869
10442 0.915358562655
10446 0.915736629615
10450 0.916113427762
10454 0.916488959115
10458 0.916863225701
10462 0.917236229559
10466 0.917607972731
10470 0.917978457270
10474 0.918347685238
10478 0.918715658703
10482 0.919082379741
10486 0.919447850437
10490 0.919812072883
10494 0.920175049179
10498 0.920536781431
10502 0.920897271756
10506 0.921256522276
10510 0.921614535120
10514 0.921971312427
10518 0.922326856341
10522 0.922681169014
10526 0.923034252605
10530 0.923386109281
10534 0.923736741214
10538 0.924086150586
10542 0.924434339584
10546 0.924781310402
10550 0.925127065242
10554 0.925471606310
10558 0.925814935822
10562 0.926157055998
10566 0.926497969067
10570 0.926837677262
10574 0.927176182825
10578 0.927513488002
10582 0.927849595047
10586 0.928184506220
10590 0.928518223785
10594 0.928850750016
10598 0.929182087190
10602 0.929512237591
10606 0.929841203509
10610 0.930168987239
10614 0.930495591085
10618 0.930821017352
10622 0.931145268355
10626 0.931468346411
10630 0.931790253845
10634 0.932110992988
10638 0.932430566173
10642 0.932748975742
10646 0.933066224041
10650 0.933382313421
10654 0.933697246238
10658 0.934011024854
10662 0.934323651635
10666 0.934635128954
10670 0.934945459187
10674 0.935254644715
10678 0.935562687925
10682 0.935869591207
10686 0.936175356958
10690 0.936479987579
10694 0.936783485473
10698 0.937085853052
10702 0.937387092728
10706 0.937687206921
10710 0.937986198053
10714 0.938284068552
10718 0.938580820849
10722 0.938876457379
10726 0.939170980582
10730 0.939464392903
10734 0.939756696788
10738 0.940047894689
10742 0.940337989063
10746 0.940626982368
10750 0.940914877067
10754 0.941201675628
10758 0.941487380521
10762 0.941771994220
10766 0.942055519203
10770 0.942337957951
10774 0.942619312948
10778 0.942899586683
10782 0.943178781646
10786 0.943456900333
10790 0.943733945240
10794 0.944009918868
10798 0.944284823722
10802 0.944558662308
10806 0.944831437136
10810 0.945103150719
10814 0.945373805572
10818 0.945643404215
10822 0.945911949167
10826 0.946179442953
10830 0.946445888099
10834 0.946711287134
10838 0.946975642590
10842 0.947238957001
10846 0.947501232903
10850 0.947762472834
10854 0.948022679337
10858 0.948281854954
10862 0.948540002231
10866 0.948797123715
10870 0.949053221956
10874 0.949308299505
10878 0.949562358918
10882 0.949815402748
10886 0.950067433554
10890 0.950318453894
10894 0.950568466331
10898 0.950817473426
10902 0.951065477744
10906 0.951312481851
10910 0.951558488315
10914 0.951803499705
10918 0.952047518591
10922 0.952290547545
10926 0.952532589140
10930 0.952773645952
10934 0.953013720555
10938 0.953252815527
10942 0.953490933446
10946 0.953728076891
10950 0.953964248442
10954 0.954199450681
10958 0.954433686189
10962 0.954666957550
10966 0.954899267348
10970 0.955130618167
10974 0.955361012593
10978 0.955590453212
10982 0.955818942610
10986 0.956046483375
10990 0.956273078095
10994 0.956498729359
10998 0.956723439754
11002 0.956947211870
11006 0.957170048298
11010 0.957391951626
11014 0.957612924444
11018 0.957832969344
11022 0.958052088916
11026 0.958270285750
11030 0.958487562437
11034 0.958703921567
11038 0.958919365732
11042 0.959133897522
11046 0.959347519527
11050 0.959560234338
11054 0.959772044545
11058 0.959982952738
11062 0.960192961506
11066 0.960402073438
11070 0.960610291124
11074 0.960817617151
11078 0.961024054109
11082 0.961229604583
11086 0.961434271161
11090 0.961638056429
11094 0.961840962973
11098 0.962042993377
11102 0.962244150226
11106 0.962444436103
11110 0.962643853591
11114 0.962842405271
11118 0.963040093724
11122 0.963236921529
11126 0.963432891266
11130 0.963628005513
11134 0.963822266845
11138 0.964015677839
11142 0.964208241069
11146 0.964399959108
11150 0.964590834528
11154 0.964780869900
11158 0.964970067793
11162 0.965158430776
11166 0.965345961414
11170 0.965532662273
11174 0.965718535917
11178 0.965903584908
11182 0.966087811806
11186 0.966271219171
11190 0.966453809559
11194 0.966635585527
11198 0.966816549628
11202 0.966996704415
11206 0.967176052438
11210 0.967354596246
11214 0.967532338386
11218 0.967709281401
11222 0.967885427837
11226 0.968060780232
11230 0.968235341127
11234 0.968409113057
11238 0.968582098559
11242 0.968754300164
11246 0.968925720403
11250 0.969096361805
11254 0.969266226895
11258 0.969435318198
11262 0.969603638235
11266 0.969771189525
11270 0.969937974585
11274 0.970103995930
11278 0.970269256071
11282 0.970433757519
11286 0.970597502780
11290 0.970760494359
11294 0.970922734758
11298 0.971084226476
11302 0.971244972011
11306 0.971404973855
11310 0.971564234501
11314 0.971722756438
11318 0.971880542151
11322 0.972037594123
11326 0.972193914834
11330 0.972349506763
11334 0.972504372384
11338 0.972658514168
11342 0.972811934584
11346 0.972964636098
11350 0.973116621173
11354 0.973267892268
11358 0.973418451840
11362 0.973568302343
11366 0.973717446227
11370 0.973865885939
11374 0.974013623923
11378 0.974160662621
11382 0.974307004469
11386 0.974452651903
11390 0.974597607354
11394 0.974741873249
11398 0.974885452012
11402 0.975028346065
11406 0.975170557825
11410 0.975312089707
11414 0.975452944122
11418 0.975593123476
11422 0.975732630173
11426 0.975871466614
11430 0.976009635195
11434 0.976147138310
11438 0.976283978348
11442 0.976420157694
11446 0.976555678732
11450 0.976690543839
11454 0.976824755390
11458 0.976958315756
11462 0.977091227305
11466 0.977223492400
11470 0.977355113400
11474 0.977486092662
11478 0.977616432538
11482 0.977746135375
11486 0.977875203519
11490 0.978003639309
11494 0.978131445081
11498 0.978258623168
11502 0.978385175899
11506 0.978511105597
11510 0.978636414584
11514 0.978761105175
11518 0.978885179682
11522 0.979008640415
11526 0.979131489676
11530 0.979253729766
11534 0.979375362980
11538 0.979496391610
11542 0.979616817943
11546 0.979736644262
11550 0.979855872846
11554 0.979974505971
11558 0.980092545905
11562 0.980209994915
11566 0.980326855263
11570 0.980443129206
11574 0.980558818997
11578 0.980673926885
11582 0.980788455114
11586 0.980902405924
11590 0.981015781550
11594 0.981128584223
11598 0.981240816171
11602 0.981352479613
11606 0.981463576769
11610 0.981574109852
11614 0.981684081069
11618 0.981793492625
11622 0.981902346719
11626 0.982010645546
11630 0.982118391297
11634 0.982225586156
11638 0.982332232304
11642 0.982438331919
11646 0.982543887172
11650 0.982648900229
11654 0.982753373253
11658 0.982857308403
11662 0.982960707829
11666 0.983063573682
11670 0.983165908104
11674 0.983267713234
11678 0.983368991206
11682 0.983469744149
11686 0.983569974187
11690 0.983669683441
11694 0.983768874024
11698 0.983867548047
11702 0.983965707614
11706 0.984063354826
11710 0.984160491778
11714 0.984257120561
11718 0.984353243260
11722 0.984448861955
11726 0.984543978724
11730 0.984638595635
11734 0.984732714755
11738 0.984826338145
11742 0.984919467862
11746 0.985012105955
11750 0.985104254471
11754 0.985195915450
11758 0.985287090930
11762 0.985377782941
11766 0.985467993508
11770 0.985557724653
11774 0.985646978391
11778 0.985735756734
11782 0.985824061687
11786 0.985911895251
11790 0.985999259422
11794 0.986086156190
11798 0.986172587540
11802 0.986258555453
11806 0.986344061904
11810 0.986429108864
11814 0.986513698297
11818 0.986597832163
11822 0.986681512417
11826 0.986764741008
11830 0.986847519881
11834 0.986929850976
11838 0.987011736226
11842 0.987093177560
11846 0.987174176902
11850 0.987254736171
11854 0.987334857280
11858 0.987414542137
11862 0.987493792645
11866 0.987572610702
11870 0.987650998200
11874 0.987728957028
11878 0.987806489066
11882 0.987883596192
11886 0.987960280277
11890 0.988036543188
11894 0.988112386786
11898 0.988187812928
11902 0.988262823462
11906 0.988337420236
11910 0.988411605089
11914 0.988485379856
11918 0.988558746366
11922 0.988631706444
11926 0.988704261910
11930 0.988776414576
11934 0.988848166252
11938 0.988919518740
11942 0.988990473838
11946 0.989061033340
11950 0.989131199032
11954 0.989200972697
11958 0.989270356111
11962 0.989339351046
11966 0.989407959268
11970 0.989476182537
11974 0.989544022610
11978 0.989611481237
11982 0.989678560162
11986 0.989745261125
11990 0.989811585861
11994 0.989877536098
11998 0.989943113561
12002 0.990008319967
12006 0.990073157030
12010 0.990137626458
12014 0.990201729952
12018 0.990265469211
12022 0.990328845926
12026 0.990391861783
12030 0.990454518464
12034 0.990516817644
12038 0.990578760994
12042 0.990640350180
12046 0.990701586862
12050 0.990762472693
12054 0.990823009324
12058 0.990883198398
12062 0.990943041554
12066 0.991002540425
12070 0.991061696641
12074 0.991120511822
12078 0.991178987588
12082 0.991237125550
12086 0.991294927314
12090 0.991352394484
12094 0.991409528654
12098 0.991466331416
12102 0.991522804356
12106 0.991578949055
12110 0.991634767086
12114 0.991690260021
12118 0.991745429424
12122 0.991800276853
12126 0.991854803864
12130 0.991909012005
12134 0.991962902819
12138 0.992016477845
12142 0.992069738616
12146 0.992122686659
12150 0.992175323497
12154 0.992227650648
12158 0.992279669622
12162 0.992331381928
12166 0.992382789065
12170 0.992433892532
12174 0.992484693818
12178 0.992535194409
12182 0.992585395787
12186 0.992635299426
12190 0.992684906797
12194 0.992734219365
12198 0.992783238589
12202 0.992831965924
12206 0.992880402819
12210 0.992928550719
12214 0.992976411062
12218 0.993023985282
12222 0.993071274809
12226 0.993118281065
12230 0.993165005469
12234 0.993211449434
12238 0.993257614367
12242 0.993303501673
12246 0.993349112748
12250 0.993394448986
12254 0.993439511773
12258 0.993484302493
12262 0.993528822521
12266 0.993573073232
12270 0.993617055990
12274 0.993660772160
12278 0.993704223097
12282 0.993747410152
12286 0.993790334674
12290 0.993832998004
12294 0.993875401477
12298 0.993917546426
12302 0.993959434178
12306 0.994001066052
12310 0.994042443367
12314 0.994083567434
12318 0.994124439558
12322 0.994165061042
12326 0.994205433181
12330 0.994245557267
12334 0.994285434586
12338 0.994325066420
12342 0.994364454045
12346 0.994403598733
12350 0.994442501750
12354 0.994481164358
12358 0.994519587814
12362 0.994557773368
12366 0.994595722268
12370 0.994633435757
12374 0.994670915069
12378 0.994708161439
12382 0.994745176093
12386 0.994781960252
12390 0.994818515136
12394 0.994854841956
12398 0.994890941919
12402 0.994926816230
12406 0.994962466085
12410 0.994997892678
12414 0.995033097198
12418 0.995068080828
12422 0.995102844746
12426 0.995137390127
12430 0.995171718140
12434 0.995205829949
12438 0.995239726714
12442 0.995273409590
12446 0.995306879727
12450 0.995340138270
12454 0.995373186360
12458 0.995406025133
12462 0.995438655721
12466 0.995471079249
12470 0.995503296840
12474 0.995535309611
12478 0.995567118674
12482 0.995598725138
12486 0.995630130105
12490 0.995661334675
12494 0.995692339940
12498 0.995723146991
12502 0.995753756911
12506 0.995784170782
12510 0.995814389679
12514 0.995844414673
12518 0.995874246829
12522 0.995903887211
12526 0.995933336875
12530 0.995962596873
12534 0.995991668255
12538 0.996020552064
12542 0.996049249339
12546 0.996077761115
12550 0.996106088422
12554 0.996134232285
12558 0.996162193727
12562 0.996189973764
12566 0.996217573408
12570 0.996244993667
12574 0.996272235545
12578 0.996299300041
12582 0.996326188149
12586 0.996352900861
12590 0.996379439161
12594 0.996405804032
12598 0.996431996451
12602 0.996458017391
12606 0.996483867820
12610 0.996509548703
12614 0.996535060999
12618 0.996560405665
12622 0.996585583651
12626 0.996610595904
12630 0.996635443368
12634 0.996660126981
12638 0.996684647678
12642 0.996709006387
12646 0.996733204037
12650 0.996757241547
12654 0.996781119835
12658 0.996804839815
12662 0.996828402396
12666 0.996851808483
12670 0.996875058977
12674 0.996898154773
12678 0.996921096766
12682 0.996943885842
12686 0.996966522887
12690 0.996989008781
12694 0.997011344399
12698 0.997033530614
12702 0.997055568295
12706 0.997077458304
12710 0.997099201501
12714 0.997120798744
12718 0.997142250883
12722 0.997163558766
12726 0.997184723238
12730 0.997205745138
12734 0.997226625302
12738 0.997247364563
12742 0.997267963747
12746 0.997288423680
12750 0.997308745182
12754 0.997328929069
12758 0.997348976153
12762 0.997368887243
12766 0.997388663144
12770 0.997408304656
12774 0.997427812577
12778 0.997447187699
12782 0.997466430812
12786 0.997485542701
12790 0.997504524148
12794 0.997523375931
12798 0.997542098825
12802 0.997560693599
12806 0.997579161020
12810 0.997597501851
12814 0.997615716851
12818 0.997633806777
12822 0.997651772378
12826 0.997669614404
12830 0.997687333599
12834 0.997704930704
12838 0.997722406455
12842 0.997739761587
12846 0.997756996828
12850 0.997774112906
12854 0.997791110542
12858 0.997807990457
12862 0.997824753364
12866 0.997841399976
12870 0.997857931001
12874 0.997874347145
12878 0.997890649107
12882 0.997906837587
12886 0.997922913277
12890 0.997938876869
12894 0.997954729050
12898 0.997970470504
12902 0.997986101910
12906 0.998001623947
12910 0.998017037286
12914 0.998032342598
12918 0.998047540550
12922 0.998062631805
12926 0.998077617022
12930 0.998092496857
12934 0.998107271965
12938 0.998121942994
12942 0.998136510591
12946 0.998150975399
12950 0.998165338057
12954 0.998179599202
12958 0.998193759467
12962 0.998207819481
12966 0.998221779872
12970 0.998235641263
12974 0.998249404273
12978 0.998263069519
12982 0.998276637615
12986 0.998290109172
12990 0.998303484795
12994 0.998316765091
12998 0.998329950659
13002 0.998343042096
13006 0.998356039998
13010 0.998368944956
13014 0.998381757558
13018 0.998394478389
13022 0.998407108032
13026 0.998419647064
13030 0.998432096063
13034 0.998444455600
13038 0.998456726246
13042 0.998468908567
13046 0.998481003128
13050 0.998493010487
13054 0.998504931205
13058 0.998516765834
13062 0.998528514926
13066 0.998540179032
13070 0.998551758695
13074 0.998563254459
13078 0.998574666863
13082 0.998585996446
13086 0.998597243740
13090 0.998608409276
13094 0.998619493584
13098 0.998630497188
13102 0.998641420611
13106 0.998652264373
13110 0.998663028989
13114 0.998673714975
13118 0.998684322842
13122 0.998694853097
13126 0.998705306246
13130 0.998715682792
13134 0.998725983235
13138 0.998736208072
13142 0.998746357798
13146 0.998756432904
13150 0.998766433880
13154 0.998776361211
13158 0.998786215381
13162 0.998795996871
13166 0.998805706159
13170 0.998815343721
13174 0.998824910029
13178 0.998834405555
13182 0.998843830764
13186 0.998853186123
13190 0.998862472093
13194 0.998871689135
13198 0.998880837704
13202 0.998889918257
13206 0.998898931245
13210 0.998907877117
13214 0.998916756320
13218 0.998925569299
13222 0.998934316495
13226 0.998942998347
13230 0.998951615293
13234 0.998960167766
13238 0.998968656199
13242 0.998977081020
13246 0.998985442657
13250 0.998993741534
13254 0.999001978072
13258 0.999010152693
13262 0.999018265811
13266 0.999026317843
13270 0.999034309201
13274 0.999042240294
13278 0.999050111530
13282 0.999057923315
13286 0.999065676050
13290 0.999073370137
13294 0.999081005974
13298 0.999088583957
13302 0.999096104478
13306 0.999103567930
13310 0.999110974701
13314 0.999118325178
13318 0.999125619745
13322 0.999132858784
13326 0.999140042676
13330 0.999147171797
13334 0.999154246524
13338 0.999161267230
13342 0.999168234284
13346 0.999175148057
13350 0.999182008915
13354 0.999188817221
13358 0.999195573340
13362 0.999202277629
13366 0.999208930449
13370 0.999215532153
13374 0.999222083096
13378 0.999228583630
13382 0.999235034104
13386 0.999241434865
13390 0.999247786259
13394 0.999254088629
13398 0.999260342315
13402 0.999266547657
13406 0.999272704993
13410 0.999278814656
13414 0.999284876980
13418 0.999290892297
13422 0.999296860933
13426 0.999302783218
13430 0.999308659476
13434 0.999314490029
13438 0.999320275198
13442 0.999326015303
13446 0.999331710662
13450 0.999337361588
13454 0.999342968395
13458 0.999348531394
13462 0.999354050896
13466 0.999359527206
13470 0.999364960632
13474 0.999370351476
13478 0.999375700041
13482 0.999381006625
13486 0.999386271529
13490 0.999391495047
13494 0.999396677474
13498 0.999401819103
13502 0.999406920225
13506 0.999411981128
13510 0.999417002099
13514 0.999421983425
13518 0.999426925388
13522 0.999431828271
13526 0.999436692353
13530 0.999441517913
13534 0.999446305228
13538 0.999451054571
13542 0.999455766217
13546 0.999460440437
13550 0.999465077499
13554 0.999469677673
13558 0.999474241224
13562 0.999478768418
13566 0.999483259516
13570 0.999487714781
13574 0.999492134471
13578 0.999496518845
13582 0.999500868158
13586 0.999505182667
13590 0.999509462623
13594 0.999513708277
13598 0.999517919881
13602 0.999522097682
13606 0.999526241926
13610 0.999530352859
13614 0.999534430724
13618 0.999538475763
13622 0.999542488216
13626 0.999546468323
13630 0.999550416319
13634 0.999554332442
13638 0.999558216925
13642 0.999562070000
13646 0.999565891900
13650 0.999569682853
13654 0.999573443088
13658 0.999577172832
13662 0.999580872309
13666 0.999584541744
13670 0.999588181359
13674 0.999591791374
13678 0.999595372008
13682 0.999598923481
13686 0.999602446008
13690 0.999605939805
13694 0.999609405085
13698 0.999612842060
13702 0.999616250941
13706 0.999619631938
13710 0.999622985260
13714 0.999626311111
13718 0.999629609699
13722 0.999632881226
13726 0.999636125897
13730 0.999639343911
13734 0.999642535469
13738 0.999645700769
13742 0.999648840010
13746 0.999651953386
13750 0.999655041092
13754 0.999658103323
13758 0.999661140269
13762 0.999664152123
13766 0.999667139072
13770 0.999670101307
13774 0.999673039013
13778 0.999675952376
13782 0.999678841581
13786 0.999681706811
13790 0.999684548248
13794 0.999687366074
13798 0.999690160466
13802 0.999692931604
13806 0.999695679666
13810 0.999698404826
13814 0.999701107259
13818 0.999703787140
13822 0.999706444640
13826 0.999709079931
13830 0.999711693183
13834 0.999714284564
13838 0.999716854243
13842 0.999719402385
13846 0.999721929157
13850 0.999724434723
13854 0.999726919245
13858 0.999729382886
13862 0.999731825807
13866 0.999734248168
13870 0.999736650126
13874 0.999739031841
13878 0.999741393469
13882 0.999743735164
13886 0.999746057081
13890 0.999748359375
13894 0.999750642196
13898 0.999752905696
13902 0.999755150026
13906 0.999757375334
13910 0.999759581768
13914 0.999761769476
13918 0.999763938603
13922 0.999766089295
13926 0.999768221695
13930 0.999770335947
13934 0.999772432192
13938 0.999774510571
13942 0.999776571225
13946 0.999778614292
13950 0.999780639910
13954 0.999782648217
13958 0.999784639348
13962 0.999786613439
13966 0.999788570623
13970 0.999790511035
13974 0.999792434805
13978 0.999794342067
13982 0.999796232949
13986 0.999798107582
13990 0.999799966094
13994 0.999801808613
13998 0.999803635265
14002 0.999805446176
14006 0.999807241472
14010 0.999809021275
14014 0.999810785711
14018 0.999812534900
14022 0.999814268964
14026 0.999815988024
14030 0.999817692199
14034 0.999819381608
14038 0.999821056370
14042 0.999822716600
14046 0.999824362416
14050 0.999825993933
14054 0.999827611266
14058 0.999829214527
14062 0.999830803831
14066 0.999832379290
14070 0.999833941013
14074 0.999835489113
14078 0.999837023699
14082 0.999838544880
14086 0.999840052763
14090 0.999841547457
14094 0.999843029067
14098 0.999844497700
14102 0.999845953460
14106 0.999847396452
14110 0.999848826780
14114 0.999850244545
14118 0.999851649850
14122 0.999853042796
14126 0.999854423483
14130 0.999855792012
14134 0.999857148481
14138 0.999858492988
14142 0.999859825632
14146 0.999861146508
14150 0.999862455713
14154 0.999863753342
14158 0.999865039491
14162 0.999866314252
14166 0.999867577720
14170 0.999868829987
14174 0.999870071144
14178 0.999871301283
14182 0.999872520495
14186 0.999873728869
14190 0.999874926495
14194 0.999876113461
14198 0.999877289855
14202 0.999878455764
14206 0.999879611275
14210 0.999880756473
14214 0.999881891445
14218 0.999883016274
14222 0.999884131045
14226 0.999885235840
14230 0.999886330743
14234 0.999887415836
14238 0.999888491201
14242 0.999889556917
14246 0.999890613066
14250 0.999891659726
14254 0.999892696978
14258 0.999893724900
14262 0.999894743568
14266 0.999895753062
14270 0.999896753457
14274 0.999897744829
14278 0.999898727254
14282 0.999899700807
14286 0.999900665563
14290 0.999901621594
14294 0.999902568975
14298 0.999903507778
14302 0.999904438075
14306 0.999905359938
14310 0.999906273438
14314 0.999907178644
14318 0.999908075628
14322 0.999908964458
14326 0.999909845204
14330 0.999910717934
14334 0.999911582715
14338 0.999912439615
14342 0.999913288700
14346 0.999914130037
14350 0.999914963692
14354 0.999915789730
14358 0.999916608215
14362 0.999917419212
14366 0.999918222785
14370 0.999919018996
14374 0.999919807908
14378 0.999920589585
14382 0.999921364086
14386 0.999922131474
14390 0.999922891810
14394 0.999923645154
14398 0.999924391565
14402 0.999925131104
14406 0.999925863828
14410 0.999926589797
14414 0.999927309068
14418 0.999928021699
14422 0.999928727747
14426 0.999929427269
14430 0.999930120321
14434 0.999930806959
14438 0.999931487237
14442 0.999932161211
14446 0.999932828936
14450 0.999933490465
14454 0.999934145852
14458 0.999934795149
14462 0.999935438411
14466 0.999936075689
14470 0.999936707034
14474 0.999937332499
14478 0.999937952135
14482 0.999938565992
14486 0.999939174120
14490 0.999939776570
14494 0.999940373390
14498 0.999940964631
14502 0.999941550340
14506 0.999942130566
14510 0.999942705356
14514 0.999943274759
14518 0.999943838822
14522 0.999944397590
14526 0.999944951111
14530 0.999945499431
14534 0.999946042595
14538 0.999946580649
14542 0.999947113637
14546 0.999947641604
14550 0.999948164594
14554 0.999948682651
14558 0.999949195818
14562 0.999949704139
14566 0.999950207657
14570 0.999950706413
14574 0.999951200449
14578 0.999951689809
14582 0.999952174532
14586 0.999952654661
14590 0.999953130235
14594 0.999953601295
14598 0.999954067882
14602 0.999954530034
14606 0.999954987792
14610 0.999955441194
14614 0.999955890280
14618 0.999956335087
14622 0.999956775653
14626 0.999957212018
14630 0.999957644217
14634 0.999958072289
14638 0.999958496270
14642 0.999958916197
14646 0.999959332106
14650 0.999959744033
14654 0.999960152013
14658 0.999960556083
14662 0.999960956277
14666 0.999961352630
14670 0.999961745177
14674 0.999962133952
14678 0.999962518988
14682 0.999962900320
14686 0.999963277980
14690 0.999963652003
14694 0.999964022420
14698 0.999964389265
14702 0.999964752570
14706 0.999965112366
14710 0.999965468685
14714 0.999965821560
14718 0.999966171020
14722 0.999966517098
14726 0.999966859824
14730 0.999967199227
14734 0.999967535340
14738 0.999967868190
14742 0.999968197809
14746 1.0
