1448.000
290 0.000032089746
291 0.000032560888
292 0.000033038572
293 0.000033522882
294 0.000034013906
295 0.000034511729
296 0.000035016441
297 0.000035528130
298 0.000036046887
299 0.000036572803
300 0.000037105971
301 0.000037646483
302 0.000038194435
303 0.000038749923
304 0.000039313043
305 0.000039883893
306 0.000040462573
307 0.000041049183
308 0.000041643825
309 0.000042246601
310 0.000042857616
311 0.000043476974
312 0.000044104782
313 0.000044741148
314 0.000045386181
315 0.000046039990
316 0.000046702688
317 0.000047374388
318 0.000048055203
319 0.000048745249
320 0.000049444642
321 0.000050153502
322 0.000050871946
323 0.000051600098
324 0.000052338078
325 0.000053086011
326 0.000053844021
327 0.000054612235
328 0.000055390782
329 0.000056179791
330 0.000056979393
331 0.000057789721
332 0.000058610908
333 0.000059443091
334 0.000060286406
335 0.000061140992
336 0.000062006989
337 0.000062884540
338 0.000063773788
339 0.000064674878
340 0.000065587957
341 0.000066513173
342 0.000067450677
343 0.000068400620
344 0.000069363156
345 0.000070338441
346 0.000071326630
347 0.000072327884
348 0.000073342363
349 0.000074370229
350 0.000075411647
351 0.000076466782
352 0.000077535802
353 0.000078618878
354 0.000079716181
355 0.000080827885
356 0.000081954165
357 0.000083095198
358 0.000084251165
359 0.000085422246
360 0.000086608626
361 0.000087810489
362 0.000089028023
363 0.000090261418
364 0.000091510866
365 0.000092776561
366 0.000094058697
367 0.000095357475
368 0.000096673093
369 0.000098005754
370 0.000099355663
371 0.000100723027
372 0.000102108055
373 0.000103510959
374 0.000104931952
375 0.000106371251
376 0.000107829073
377 0.000109305640
378 0.000110801174
379 0.000112315902
380 0.000113850052
381 0.000115403853
382 0.000116977540
383 0.000118571346
384 0.000120185511
385 0.000121820275
386 0.000123475881
387 0.000125152575
388 0.000126850604
389 0.000128570221
390 0.000130311679
391 0.000132075234
392 0.000133861145
393 0.000135669675
394 0.000137501087
395 0.000139355649
396 0.000141233631
397 0.000143135307
398 0.000145060953
399 0.000147010847
400 0.000148985270
401 0.000150984509
402 0.000153008850
403 0.000155058585
404 0.000157134007
405 0.000159235413
406 0.000161363102
407 0.000163517379
408 0.000165698549
409 0.000167906922
410 0.000170142809
411 0.000172406528
412 0.000174698397
413 0.000177018739
414 0.000179367879
415 0.000181746146
416 0.000184153872
417 0.000186591395
418 0.000189059052
419 0.000191557187
420 0.000194086146
421 0.000196646279
422 0.000199237939
423 0.000201861483
424 0.000204517272
425 0.000207205669
426 0.000209927044
427 0.000212681766
428 0.000215470213
429 0.000218292763
430 0.000221149800
431 0.000224041709
432 0.000226968882
433 0.000229931713
434 0.000232930602
435 0.000235965950
436 0.000239038165
437 0.000242147657
438 0.000245294840
439 0.000248480134
440 0.000251703962
441 0.000254966751
442 0.000258268933
443 0.000261610943
444 0.000264993221
445 0.000268416212
446 0.000271880364
447 0.000275386131
448 0.000278933971
449 0.000282524344
450 0.000286157719
451 0.000289834565
452 0.000293555360
453 0.000297320583
454 0.000301130719
455 0.000304986258
456 0.000308887695
457 0.000312835529
458 0.000316830263
459 0.000320872408
460 0.000324962477
461 0.000329100989
462 0.000333288468
463 0.000337525442
464 0.000341812445
465 0.000346150017
466 0.000350538701
467 0.000354979047
468 0.000359471610
469 0.000364016950
470 0.000368615630
471 0.000373268223
472 0.000377975304
473 0.000382737454
474 0.000387555261
475 0.000392429315
476 0.000397360216
477 0.000402348567
478 0.000407394977
479 0.000412500061
480 0.000417664440
481 0.000422888740
482 0.000428173593
483 0.000433519637
484 0.000438927516
485 0.000444397881
486 0.000449931387
487 0.000455528697
488 0.000461190478
489 0.000466917405
490 0.000472710159
491 0.000478569426
492 0.000484495899
493 0.000490490277
494 0.000496553267
495 0.000502685581
496 0.000508887937
497 0.000515161060
498 0.000521505683
499 0.000527922543
500 0.000534412386
501 0.000540975964
502 0.000547614035
503 0.000554327365
504 0.000561116725
505 0.000567982896
506 0.000574926663
507 0.000581948819
508 0.000589050165
509 0.000596231509
510 0.000603493664
511 0.000610837452
512 0.000618263704
513 0.000625773254
514 0.000633366948
515 0.000641045635
516 0.000648810176
517 0.000656661435
518 0.000664600288
519 0.000672627615
520 0.000680744306
521 0.000688951258
522 0.000697249375
523 0.000705639570
524 0.000714122765
525 0.000722699886
526 0.000731371872
527 0.000740139666
528 0.000749004222
529 0.000757966500
530 0.000767027469
531 0.000776188108
532 0.000785449402
533 0.000794812345
534 0.000804277941
535 0.000813847200
536 0.000823521142
537 0.000833300797
538 0.000843187201
539 0.000853181401
540 0.000863284451
541 0.000873497415
542 0.000883821366
543 0.000894257385
544 0.000904806564
545 0.000915470001
546 0.000926248807
547 0.000937144099
548 0.000948157005
549 0.000959288662
550 0.000970540216
551 0.000981912822
552 0.000993407647
553 0.001005025866
554 0.001016768661
555 0.001028637229
556 0.001040632773
557 0.001052756507
558 0.001065009655
559 0.001077393450
560 0.001089909137
561 0.001102557968
562 0.001115341209
563 0.001128260133
564 0.001141316025
565 0.001154510180
566 0.001167843903
567 0.001181318509
568 0.001194935325
569 0.001208695688
570 0.001222600945
571 0.001236652454
572 0.001250851585
573 0.001265199716
574 0.001279698239
575 0.001294348555
576 0.001309152078
577 0.001324110230
578 0.001339224447
579 0.001354496175
580 0.001369926872
581 0.001385518006
582 0.001401271057
583 0.001417187518
584 0.001433268892
585 0.001449516693
586 0.001465932449
587 0.001482517697
588 0.001499273989
589 0.001516202885
590 0.001533305961
591 0.001550584801
592 0.001568041006
593 0.001585676183
594 0.001603491957
595 0.001621489962
596 0.001639671846
597 0.001658039267
598 0.001676593898
599 0.001695337424
600 0.001714271541
601 0.001733397960
602 0.001752718404
603 0.001772234608
604 0.001791948321
605 0.001811861303
606 0.001831975330
607 0.001852292188
608 0.001872813679
609 0.001893541617
610 0.001914477828
611 0.001935624154
612 0.001956982448
613 0.001978554578
614 0.002000342424
615 0.002022347883
616 0.002044572861
617 0.002067019282
618 0.002089689081
619 0.002112584209
620 0.002135706629
621 0.002159058320
622 0.002182641273
623 0.002206457495
624 0.002230509006
625 0.002254797842
626 0.002279326051
627 0.002304095698
628 0.002329108861
629 0.002354367632
630 0.002379874119
631 0.002405630445
632 0.002431638747
633 0.002457901175
634 0.002484419898
635 0.002511197097
636 0.002538234970
637 0.002565535728
638 0.002593101598
639 0.002620934823
640 0.002649037662
641 0.002677412387
642 0.002706061287
643 0.002734986667
644 0.002764190847
645 0.002793676162
646 0.002823444964
647 0.002853499619
648 0.002883842512
649 0.002914476041
650 0.002945402621
651 0.002976624683
652 0.003008144675
653 0.003039965060
654 0.003072088318
655 0.003104516945
656 0.003137253454
657 0.003170300374
658 0.003203660249
659 0.003237335644
660 0.003271329135
661 0.003305643319
662 0.003340280809
663 0.003375244233
664 0.003410536238
665 0.003446159487
666 0.003482116660
667 0.003518410455
668 0.003555043586
669 0.003592018785
670 0.003629338801
671 0.003667006400
672 0.003705024368
673 0.003743395504
674 0.003782122628
675 0.003821208577
676 0.003860656204
677 0.003900468383
678 0.003940648003
679 0.003981197971
680 0.004022121214
681 0.004063420675
682 0.004105099315
683 0.004147160115
684 0.004189606072
685 0.004232440203
686 0.004275665543
687 0.004319285143
688 0.004363302076
689 0.004407719431
690 0.004452540316
691 0.004497767858
692 0.004543405202
693 0.004589455513
694 0.004635921974
695 0.004682807785
696 0.004730116168
697 0.004777850362
698 0.004826013625
699 0.004874609234
700 0.004923640487
701 0.004973110698
702 0.005023023202
703 0.005073381353
704 0.005124188525
705 0.005175448109
706 0.005227163518
707 0.005279338183
708 0.005331975555
709 0.005385079104
710 0.005438652320
711 0.005492698712
712 0.005547221810
713 0.005602225162
714 0.005657712338
715 0.005713686924
716 0.005770152531
717 0.005827112785
718 0.005884571335
719 0.005942531850
720 0.006000998016
721 0.006059973542
722 0.006119462157
723 0.006179467609
724 0.006239993666
725 0.006301044118
726 0.006362622773
727 0.006424733461
728 0.006487380031
729 0.006550566354
730 0.006614296321
731 0.006678573841
732 0.006743402847
733 0.006808787291
734 0.006874731144
735 0.006941238402
736 0.007008313076
737 0.007075959202
738 0.007144180834
739 0.007212982049
740 0.007282366943
741 0.007352339634
742 0.007422904259
743 0.007494064977
744 0.007565825969
745 0.007638191436
746 0.007711165597
747 0.007784752698
748 0.007858957000
749 0.007933782789
750 0.008009234369
751 0.008085316068
752 0.008162032233
753 0.008239387232
754 0.008317385456
755 0.008396031316
756 0.008475329242
757 0.008555283688
758 0.008635899129
759 0.008717180060
760 0.008799130997
761 0.008881756478
762 0.008965061062
763 0.009049049330
764 0.009133725882
765 0.009219095340
766 0.009305162350
767 0.009391931576
768 0.009479407704
769 0.009567595443
770 0.009656499519
771 0.009746124685
772 0.009836475711
773 0.009927557390
774 0.010019374535
775 0.010111931982
776 0.010205234587
777 0.010299287228
778 0.010394094804
779 0.010489662235
780 0.010585994462
781 0.010683096447
782 0.010780973176
783 0.010879629653
784 0.010979070903
785 0.011079301975
786 0.011180327938
787 0.011282153880
788 0.011384784913
789 0.011488226170
790 0.011592482803
791 0.011697559986
792 0.011803462915
793 0.011910196807
794 0.012017766899
795 0.012126178450
796 0.012235436738
797 0.012345547065
798 0.012456514751
799 0.012568345140
800 0.012681043594
801 0.012794615498
802 0.012909066255
803 0.013024401293
804 0.013140626057
805 0.013257746014
806 0.013375766652
807 0.013494693480
808 0.013614532027
809 0.013735287842
810 0.013856966495
811 0.013979573577
812 0.014103114699
813 0.014227595492
814 0.014353021609
815 0.014479398720
816 0.014606732520
817 0.014735028719
818 0.014864293050
819 0.014994531267
820 0.015125749142
821 0.015257952467
822 0.015391147056
823 0.015525338740
824 0.015660533373
825 0.015796736825
826 0.015933954989
827 0.016072193776
828 0.016211459117
829 0.016351756962
830 0.016493093281
831 0.016635474063
832 0.016778905315
833 0.016923393067
834 0.017068943363
835 0.017215562270
836 0.017363255872
837 0.017512030273
838 0.017661891595
839 0.017812845979
840 0.017964899584
841 0.018118058589
842 0.018272329190
843 0.018427717603
844 0.018584230060
845 0.018741872812
846 0.018900652130
847 0.019060574301
848 0.019221645630
849 0.019383872441
850 0.019547261074
851 0.019711817888
852 0.019877549259
853 0.020044461581
854 0.020212561263
855 0.020381854735
856 0.020552348442
857 0.020724048844
858 0.020896962421
859 0.021071095669
860 0.021246455100
861 0.021423047243
862 0.021600878642
863 0.021779955859
864 0.021960285471
865 0.022141874073
866 0.022324728274
867 0.022508854698
868 0.022694259988
869 0.022880950799
870 0.023068933803
871 0.023258215687
872 0.023448803154
873 0.023640702920
874 0.023833921718
875 0.024028466295
876 0.024224343411
877 0.024421559844
878 0.024620122381
879 0.024820037829
880 0.025021313004
881 0.025223954740
882 0.025427969881
883 0.025633365287
884 0.025840147831
885 0.026048324398
886 0.026257901887
887 0.026468887211
888 0.026681287293
889 0.026895109070
890 0.027110359493
891 0.027327045523
892 0.027545174134
893 0.027764752312
894 0.027985787054
895 0.028208285369
896 0.028432254278
897 0.028657700813
898 0.028884632016
899 0.029113054941
900 0.029342976653
901 0.029574404225
902 0.029807344743
903 0.030041805303
904 0.030277793009
905 0.030515314977
906 0.030754378330
907 0.030994990203
908 0.031237157738
909 0.031480888088
910 0.031726188413
911 0.031973065883
912 0.032221527674
913 0.032471580973
914 0.032723232974
915 0.032976490877
916 0.033231361893
917 0.033487853237
918 0.033745972133
919 0.034005725811
920 0.034267121508
921 0.034530166468
922 0.034794867941
923 0.035061233181
924 0.035329269452
925 0.035598984019
926 0.035870384157
927 0.036143477141
928 0.036418270255
929 0.036694770787
930 0.036972986026
931 0.037252923271
932 0.037534589820
933 0.037817992977
934 0.038103140049
935 0.038390038346
936 0.038678695181
937 0.038969117872
938 0.039261313735
939 0.039555290093
940 0.039851054268
941 0.040148613585
942 0.040447975369
943 0.040749146948
944 0.041052135651
945 0.041356948808
946 0.041663593746
947 0.041972077797
948 0.042282408291
949 0.042594592556
950 0.042908637923
951 0.043224551719
952 0.043542341271
953 0.043862013906
954 0.044183576947
955 0.044507037716
956 0.044832403535
957 0.045159681719
958 0.045488879585
959 0.045820004444
960 0.046153063604
961 0.046488064372
962 0.046825014047
963 0.047163919928
964 0.047504789306
965 0.047847629469
966 0.048192447701
967 0.048539251280
968 0.048888047476
969 0.049238843557
970 0.049591646782
971 0.049946464406
972 0.050303303674
973 0.050662171826
974 0.051023076096
975 0.051386023707
976 0.051751021877
977 0.052118077814
978 0.052487198717
979 0.052858391779
980 0.053231664180
981 0.053607023094
982 0.053984475683
983 0.054364029098
984 0.054745690484
985 0.055129466969
986 0.055515365676
987 0.055903393713
988 0.056293558176
989 0.056685866151
990 0.057080324712
991 0.057476940917
992 0.057875721815
993 0.058276674439
994 0.058679805809
995 0.059085122933
996 0.059492632801
997 0.059902342391
998 0.060314258667
999 0.060728388574
1000 0.061144739045
1001 0.061563316996
1002 0.061984129325
1003 0.062407182917
1004 0.062832484636
1005 0.063260041332
1006 0.063689859835
1007 0.064121946959
1008 0.064556309498
1009 0.064992954229
1010 0.065431887909
1011 0.065873117276
1012 0.066316649048
1013 0.066762489923
1014 0.067210646581
1015 0.067661125677
1016 0.068113933848
1017 0.068569077709
1018 0.069026563853
1019 0.069486398852
1020 0.069948589254
1021 0.070413141584
1022 0.070880062347
1023 0.071349358020
1024 0.071821035060
1025 0.072295099898
1026 0.072771558941
1027 0.073250418570
1028 0.073731685143
1029 0.074215364990
1030 0.074701464416
1031 0.075189989702
1032 0.075680947098
1033 0.076174342829
1034 0.076670183095
1035 0.077168474064
1036 0.077669221879
1037 0.078172432653
1038 0.078678112471
1039 0.079186267388
1040 0.079696903431
1041 0.080210026596
1042 0.080725642849
1043 0.081243758124
1044 0.081764378326
1045 0.082287509329
1046 0.082813156973
1047 0.083341327068
1048 0.083872025390
1049 0.084405257684
1050 0.084941029660
1051 0.085479346996
1052 0.086020215335
1053 0.086563640287
1054 0.087109627426
1055 0.087658182292
1056 0.088209310389
1057 0.088763017186
1058 0.089319308115
1059 0.089878188574
1060 0.090439663921
1061 0.091003739478
1062 0.091570420531
1063 0.092139712327
1064 0.092711620073
1065 0.093286148941
1066 0.093863304062
1067 0.094443090526
1068 0.095025513388
1069 0.095610577657
1070 0.096198288308
1071 0.096788650269
1072 0.097381668432
1073 0.097977347645
1074 0.098575692714
1075 0.099176708403
1076 0.099780399435
1077 0.100386770487
1078 0.100995826197
1079 0.101607571155
1080 0.102222009909
1081 0.102839146964
1082 0.103458986778
1083 0.104081533765
1084 0.104706792292
1085 0.105334766684
1086 0.105965461216
1087 0.106598880118
1088 0.107235027574
1089 0.107873907719
1090 0.108515524641
1091 0.109159882383
1092 0.109806984935
1093 0.110456836241
1094 0.111109440196
1095 0.111764800647
1096 0.112422921387
1097 0.113083806164
1098 0.113747458674
1099 0.114413882560
1100 0.115083081417
1101 0.115755058787
1102 0.116429818161
1103 0.117107362979
1104 0.117787696626
1105 0.118470822437
1106 0.119156743691
1107 0.119845463617
1108 0.120536985389
1109 0.121231312124
1110 0.121928446890
1111 0.122628392696
1112 0.123331152499
1113 0.124036729197
1114 0.124745125636
1115 0.125456344605
1116 0.126170388834
1117 0.126887261000
1118 0.127606963721
1119 0.128329499559
1120 0.129054871017
1121 0.129783080540
1122 0.130514130517
1123 0.131248023276
1124 0.131984761086
1125 0.132724346159
1126 0.133466780647
1127 0.134212066640
1128 0.134960206171
1129 0.135711201209
1130 0.136465053666
1131 0.137221765391
1132 0.137981338172
1133 0.138743773736
1134 0.139509073746
1135 0.140277239806
1136 0.141048273455
1137 0.141822176171
1138 0.142598949367
1139 0.143378594394
1140 0.144161112540
1141 0.144946505028
1142 0.145734773016
1143 0.146525917600
1144 0.147319939809
1145 0.148116840608
1146 0.148916620897
1147 0.149719281510
1148 0.150524823216
1149 0.151333246715
1150 0.152144552645
1151 0.152958741574
1152 0.153775814006
1153 0.154595770374
1154 0.155418611048
1155 0.156244336328
1156 0.157072946445
1157 0.157904441565
1158 0.158738821784
1159 0.159576087129
1160 0.160416237558
1161 0.161259272962
1162 0.162105193161
1163 0.162953997905
1164 0.163805686875
1165 0.164660259682
1166 0.165517715868
1167 0.166378054903
1168 0.167241276185
1169 0.168107379045
1170 0.168976362741
1171 0.169848226458
1172 0.170722969311
1173 0.171600590345
1174 0.172481088530
1175 0.173364462766
1176 0.174250711881
1177 0.175139834627
1178 0.176031829689
1179 0.176926695674
1180 0.177824431118
1181 0.178725034485
1182 0.179628504164
1183 0.180534838470
1184 0.181444035646
1185 0.182356093859
1186 0.183271011204
1187 0.184188785701
1188 0.185109415294
1189 0.186032897854
1190 0.186959231178
1191 0.187888412986
1192 0.188820440925
1193 0.189755312565
1194 0.190693025402
1195 0.191633576856
1196 0.192576964271
1197 0.193523184916
1198 0.194472235985
1199 0.195424114593
1200 0.196378817782
1201 0.197336342516
1202 0.198296685683
1203 0.199259844095
1204 0.200225814488
1205 0.201194593519
1206 0.202166177770
1207 0.203140563746
1208 0.204117747874
1209 0.205097726506
1210 0.206080495914
1211 0.207066052296
1212 0.208054391769
1213 0.209045510376
1214 0.210039404080
1215 0.211036068769
1216 0.212035500249
1217 0.213037694253
1218 0.214042646434
1219 0.215050352368
1220 0.216060807551
1221 0.217074007404
1222 0.218089947269
1223 0.219108622408
1224 0.220130028008
1225 0.221154159176
1226 0.222181010941
1227 0.223210578254
1228 0.224242855989
1229 0.225277838940
1230 0.226315521824
1231 0.227355899279
1232 0.228398965865
1233 0.229444716064
1234 0.230493144279
1235 0.231544244835
1236 0.232598011979
1237 0.233654439881
1238 0.234713522629
1239 0.235775254237
1240 0.236839628639
1241 0.237906639689
1242 0.238976281166
1243 0.240048546770
1244 0.241123430120
1245 0.242200924761
1246 0.243281024158
1247 0.244363721698
1248 0.245449010690
1249 0.246536884366
1250 0.247627335879
1251 0.248720358305
1252 0.249815944642
1253 0.250914087810
1254 0.252014780653
1255 0.253118015935
1256 0.254223786345
1257 0.255332084493
1258 0.256442902913
1259 0.257556234061
1260 0.258672070316
1261 0.259790403981
1262 0.260911227280
1263 0.262034532363
1264 0.263160311302
1265 0.264288556092
1266 0.265419258651
1267 0.266552410824
1268 0.267688004376
1269 0.268826030999
1270 0.269966482306
1271 0.271109349838
1272 0.272254625058
1273 0.273402299352
1274 0.274552364035
1275 0.275704810344
1276 0.276859629441
1277 0.278016812413
1278 0.279176350274
1279 0.280338233963
1280 0.281502454343
1281 0.282669002204
1282 0.283837868262
1283 0.285009043161
1284 0.286182517467
1285 0.287358281677
1286 0.288536326213
1287 0.289716641424
1288 0.290899217585
1289 0.292084044900
1290 0.293271113502
1291 0.294460413448
1292 0.295651934726
1293 0.296845667251
1294 0.298041600868
1295 0.299239725349
1296 0.300440030395
1297 0.301642505637
1298 0.302847140636
1299 0.304053924882
1300 0.305262847795
1301 0.306473898724
1302 0.307687066950
1303 0.308902341685
1304 0.310119712071
1305 0.311339167182
1306 0.312560696022
1307 0.313784287529
1308 0.315009930572
1309 0.316237613951
1310 0.317467326402
1311 0.318699056590
1312 0.319932793117
1313 0.321168524516
1314 0.322406239255
1315 0.323645925735
1316 0.324887572293
1317 0.326131167199
1318 0.327376698661
1319 0.328624154819
1320 0.329873523751
1321 0.331124793470
1322 0.332377951926
1323 0.333632987006
1324 0.334889886533
1325 0.336148638268
1326 0.337409229909
1327 0.338671649094
1328 0.339935883399
1329 0.341201920336
1330 0.342469747361
1331 0.343739351864
1332 0.345010721180
1333 0.346283842581
1334 0.347558703281
1335 0.348835290435
1336 0.350113591139
1337 0.351393592431
1338 0.352675281290
1339 0.353958644640
1340 0.355243669347
1341 0.356530342219
1342 0.357818650009
1343 0.359108579413
1344 0.360400117074
1345 0.361693249578
1346 0.362987963457
1347 0.364284245187
1348 0.365582081194
1349 0.366881457847
1350 0.368182361465
1351 0.369484778311
1352 0.370788694599
1353 0.372094096490
1354 0.373400970095
1355 0.374709301472
1356 0.376019076631
1357 0.377330281530
1358 0.378642902079
1359 0.379956924139
1360 0.381272333522
1361 0.382589115992
1362 0.383907257265
1363 0.385226743010
1364 0.386547558850
1365 0.387869690362
1366 0.389193123076
1367 0.390517842477
1368 0.391843834005
1369 0.393171083057
1370 0.394499574985
1371 0.395829295098
1372 0.397160228662
1373 0.398492360901
1374 0.399825676995
1375 0.401160162086
1376 0.402495801274
1377 0.403832579616
1378 0.405170482132
1379 0.406509493801
1380 0.407849599565
1381 0.409190784326
1382 0.410533032947
1383 0.411876330257
1384 0.413220661045
1385 0.414566010065
1386 0.415912362034
1387 0.417259701637
1388 0.418608013520
1389 0.419957282296
1390 0.421307492547
1391 0.422658628818
1392 0.424010675624
1393 0.425363617446
1394 0.426717438734
1395 0.428072123907
1396 0.429427657354
1397 0.430784023434
1398 0.432141206475
1399 0.433499190777
1400 0.434857960612
1401 0.436217500225
1402 0.437577793831
1403 0.438938825620
1404 0.440300579757
1405 0.441663040379
1406 0.443026191599
1407 0.444390017506
1408 0.445754502163
1409 0.447119629613
1410 0.448485383872
1411 0.449851748938
1412 0.451218708784
1413 0.452586247364
1414 0.453954348609
1415 0.455322996432
1416 0.456692174727
1417 0.458061867366
1418 0.459432058206
1419 0.460802731085
1420 0.462173869824
1421 0.463545458226
1422 0.464917480079
1423 0.466289919158
1424 0.467662759218
1425 0.469035984004
1426 0.470409577245
1427 0.471783522658
1428 0.473157803947
1429 0.474532404804
1430 0.475907308910
1431 0.477282499933
1432 0.478657961535
1433 0.480033677364
1434 0.481409631062
1435 0.482785806260
1436 0.484162186583
1437 0.485538755649
1438 0.486915497066
1439 0.488292394440
1440 0.489669431369
1441 0.491046591446
1442 0.492423858260
1443 0.493801215398
1444 0.495178646440
1445 0.496556134967
1446 0.497933664555
1447 0.499311218781
1448 0.500688781219
1449 0.502066335445
1450 0.503443865033
1451 0.504821353560
1452 0.506198784602
1453 0.507576141740
1454 0.508953408554
1455 0.510330568631
1456 0.511707605560
1457 0.513084502934
1458 0.514461244351
1459 0.515837813417
1460 0.517214193740
1461 0.518590368938
1462 0.519966322636
1463 0.521342038465
1464 0.522717500067
1465 0.524092691090
1466 0.525467595196
1467 0.526842196053
1468 0.528216477342
1469 0.529590422755
1470 0.530964015996
1471 0.532337240782
1472 0.533710080842
1473 0.535082519921
1474 0.536454541774
1475 0.537826130176
1476 0.539197268915
1477 0.540567941794
1478 0.541938132634
1479 0.543307825273
1480 0.544677003568
1481 0.546045651391
1482 0.547413752636
1483 0.548781291216
1484 0.550148251062
1485 0.551514616128
1486 0.552880370387
1487 0.554245497837
1488 0.555609982494
1489 0.556973808401
1490 0.558336959621
1491 0.559699420243
1492 0.561061174380
1493 0.562422206169
1494 0.563782499775
1495 0.565142039388
1496 0.566500809223
1497 0.567858793525
1498 0.569215976566
1499 0.570572342646
1500 0.571927876093
1501 0.573282561266
1502 0.574636382554
1503 0.575989324376
1504 0.577341371182
1505 0.578692507453
1506 0.580042717704
1507 0.581391986480
1508 0.582740298363
1509 0.584087637966
1510 0.585433989935
1511 0.586779338955
1512 0.588123669743
1513 0.589466967053
1514 0.590809215674
1515 0.592150400435
1516 0.593490506199
1517 0.594829517868
1518 0.596167420384
1519 0.597504198726
1520 0.598839837914
1521 0.600174323005
1522 0.601507639099
1523 0.602839771338
1524 0.604170704902
1525 0.605500425015
1526 0.606828916943
1527 0.608156165995
1528 0.609482157523
1529 0.610806876924
1530 0.612130309638
1531 0.613452441150
1532 0.614773256990
1533 0.616092742735
1534 0.617410884008
1535 0.618727666478
1536 0.620043075861
1537 0.621357097921
1538 0.622669718470
1539 0.623980923369
1540 0.625290698528
1541 0.626599029905
1542 0.627905903510
1543 0.629211305401
1544 0.630515221689
1545 0.631817638535
1546 0.633118542153
1547 0.634417918806
1548 0.635715754813
1549 0.637012036543
1550 0.638306750422
1551 0.639599882926
1552 0.640891420587
1553 0.642181349991
1554 0.643469657781
1555 0.644756330653
1556 0.646041355360
1557 0.647324718710
1558 0.648606407569
1559 0.649886408861
1560 0.651164709565
1561 0.652441296719
1562 0.653716157419
1563 0.654989278820
1564 0.656260648136
1565 0.657530252639
1566 0.658798079664
1567 0.660064116601
1568 0.661328350906
1569 0.662590770091
1570 0.663851361732
1571 0.665110113467
1572 0.666367012994
1573 0.667622048074
1574 0.668875206530
1575 0.670126476249
1576 0.671375845181
1577 0.672623301339
1578 0.673868832801
1579 0.675112427707
1580 0.676354074265
1581 0.677593760745
1582 0.678831475484
1583 0.680067206883
1584 0.681300943410
1585 0.682532673598
1586 0.683762386049
1587 0.684990069428
1588 0.686215712471
1589 0.687439303978
1590 0.688660832818
1591 0.689880287929
1592 0.691097658315
1593 0.692312933050
1594 0.693526101276
1595 0.694737152205
1596 0.695946075118
1597 0.697152859364
1598 0.698357494363
1599 0.699559969605
1600 0.700760274651
1601 0.701958399132
1602 0.703154332749
1603 0.704348065274
1604 0.705539586552
1605 0.706728886498
1606 0.707915955100
1607 0.709100782415
1608 0.710283358576
1609 0.711463673787
1610 0.712641718323
1611 0.713817482533
1612 0.714990956839
1613 0.716162131738
1614 0.717330997796
1615 0.718497545657
1616 0.719661766037
1617 0.720823649726
1618 0.721983187587
1619 0.723140370559
1620 0.724295189656
1621 0.725447635965
1622 0.726597700648
1623 0.727745374942
1624 0.728890650162
1625 0.730033517694
1626 0.731173969001
1627 0.732311995624
1628 0.733447589176
1629 0.734580741349
1630 0.735711443908
1631 0.736839688698
1632 0.737965467637
1633 0.739088772720
1634 0.740209596019
1635 0.741327929684
1636 0.742443765939
1637 0.743557097087
1638 0.744667915507
1639 0.745776213655
1640 0.746881984065
1641 0.747985219347
1642 0.749085912190
1643 0.750184055358
1644 0.751279641695
1645 0.752372664121
1646 0.753463115634
1647 0.754550989310
1648 0.755636278302
1649 0.756718975842
1650 0.757799075239
1651 0.758876569880
1652 0.759951453230
1653 0.761023718834
1654 0.762093360311
1655 0.763160371361
1656 0.764224745763
1657 0.765286477371
1658 0.766345560119
1659 0.767401988021
1660 0.768455755165
1661 0.769506855721
1662 0.770555283936
1663 0.771601034135
1664 0.772644100721
1665 0.773684478176
1666 0.774722161060
1667 0.775757144011
1668 0.776789421746
1669 0.777818989059
1670 0.778845840824
1671 0.779869971992
1672 0.780891377592
1673 0.781910052731
1674 0.782925992596
1675 0.783939192449
1676 0.784949647632
1677 0.785957353566
1678 0.786962305747
1679 0.787964499751
1680 0.788963931231
1681 0.789960595920
1682 0.790954489624
1683 0.791945608231
1684 0.792933947704
1685 0.793919504086
1686 0.794902273494
1687 0.795882252126
1688 0.796859436254
1689 0.797833822230
1690 0.798805406481
1691 0.799774185512
1692 0.800740155905
1693 0.801703314317
1694 0.802663657484
1695 0.803621182218
1696 0.804575885407
1697 0.805527764015
1698 0.806476815084
1699 0.807423035729
1700 0.808366423144
1701 0.809306974598
1702 0.810244687435
1703 0.811179559075
1704 0.812111587014
1705 0.813040768822
1706 0.813967102146
1707 0.814890584706
1708 0.815811214299
1709 0.816728988796
1710 0.817643906141
1711 0.818555964354
1712 0.819465161530
1713 0.820371495836
1714 0.821274965515
1715 0.822175568882
1716 0.823073304326
1717 0.823968170311
1718 0.824860165373
1719 0.825749288119
1720 0.826635537234
1721 0.827518911470
1722 0.828399409655
1723 0.829277030689
1724 0.830151773542
1725 0.831023637259
1726 0.831892620955
1727 0.832758723815
1728 0.833621945097
1729 0.834482284132
1730 0.835339740318
1731 0.836194313125
1732 0.837046002095
1733 0.837894806839
1734 0.838740727038
1735 0.839583762442
1736 0.840423912871
1737 0.841261178216
1738 0.842095558435
1739 0.842927053555
1740 0.843755663672
1741 0.844581388952
1742 0.845404229626
1743 0.846224185994
1744 0.847041258426
1745 0.847855447355
1746 0.848666753285
1747 0.849475176784
1748 0.850280718490
1749 0.851083379103
1750 0.851883159392
1751 0.852680060191
1752 0.853474082400
1753 0.854265226984
1754 0.855053494972
1755 0.855838887460
1756 0.856621405606
1757 0.857401050633
1758 0.858177823829
1759 0.858951726545
1760 0.859722760194
1761 0.860490926254
1762 0.861256226264
1763 0.862018661828
1764 0.862778234609
1765 0.863534946334
1766 0.864288798791
1767 0.865039793829
1768 0.865787933360
1769 0.866533219353
1770 0.867275653841
1771 0.868015238914
1772 0.868751976724
1773 0.869485869483
1774 0.870216919460
1775 0.870945128983
1776 0.871670500441
1777 0.872393036279
1778 0.873112739000
1779 0.873829611166
1780 0.874543655395
1781 0.875254874364
1782 0.875963270803
1783 0.876668847501
1784 0.877371607304
1785 0.878071553110
1786 0.878768687876
1787 0.879463014611
1788 0.880154536383
1789 0.880843256309
1790 0.881529177563
1791 0.882212303374
1792 0.882892637021
1793 0.883570181839
1794 0.884244941213
1795 0.884916918583
1796 0.885586117440
1797 0.886252541326
1798 0.886916193836
1799 0.887577078613
1800 0.888235199353
1801 0.888890559804
1802 0.889543163759
1803 0.890193015065
1804 0.890840117617
1805 0.891484475359
1806 0.892126092281
1807 0.892764972426
1808 0.893401119882
1809 0.894034538784
1810 0.894665233316
1811 0.895293207708
1812 0.895918466235
1813 0.896541013222
1814 0.897160853036
1815 0.897777990091
1816 0.898392428845
1817 0.899004173803
1818 0.899613229513
1819 0.900219600565
1820 0.900823291597
1821 0.901424307286
1822 0.902022652355
1823 0.902618331568
1824 0.903211349731
1825 0.903801711692
1826 0.904389422343
1827 0.904974486612
1828 0.905556909474
1829 0.906136695938
1830 0.906713851059
1831 0.907288379927
1832 0.907860287673
1833 0.908429579469
1834 0.908996260522
1835 0.909560336079
1836 0.910121811426
1837 0.910680691885
1838 0.911236982814
1839 0.911790689611
1840 0.912341817708
1841 0.912890372574
1842 0.913436359713
1843 0.913979784665
1844 0.914520653004
1845 0.915058970340
1846 0.915594742316
1847 0.916127974610
1848 0.916658672932
1849 0.917186843027
1850 0.917712490671
1851 0.918235621674
1852 0.918756241876
1853 0.919274357151
1854 0.919789973404
1855 0.920303096569
1856 0.920813732612
1857 0.921321887529
1858 0.921827567347
1859 0.922330778121
1860 0.922831525936
1861 0.923329816905
1862 0.923825657171
1863 0.924319052902
1864 0.924810010298
1865 0.925298535584
1866 0.925784635010
1867 0.926268314857
1868 0.926749581430
1869 0.927228441059
1870 0.927704900102
1871 0.928178964940
1872 0.928650641980
1873 0.929119937653
1874 0.929586858416
1875 0.930051410746
1876 0.930513601148
1877 0.930973436147
1878 0.931430922291
1879 0.931886066152
1880 0.932338874323
1881 0.932789353419
1882 0.933237510077
1883 0.933683350952
1884 0.934126882724
1885 0.934568112091
1886 0.935007045771
1887 0.935443690502
1888 0.935878053041
1889 0.936310140165
1890 0.936739958668
1891 0.937167515364
1892 0.937592817083
1893 0.938015870675
1894 0.938436683004
1895 0.938855260955
1896 0.939271611426
1897 0.939685741333
1898 0.940097657609
1899 0.940507367199
1900 0.940914877067
1901 0.941320194191
1902 0.941723325561
1903 0.942124278185
1904 0.942523059083
1905 0.942919675288
1906 0.943314133849
1907 0.943706441824
1908 0.944096606287
1909 0.944484634324
1910 0.944870533031
1911 0.945254309516
1912 0.945635970902
1913 0.946015524317
1914 0.946392976906
1915 0.946768335820
1916 0.947141608221
1917 0.947512801283
1918 0.947881922186
1919 0.948248978123
1920 0.948613976293
1921 0.948976923904
1922 0.949337828174
1923 0.949696696326
1924 0.950053535594
1925 0.950408353218
1926 0.950761156443
1927 0.951111952524
1928 0.951460748720
1929 0.951807552299
1930 0.952152370531
1931 0.952495210694
1932 0.952836080072
1933 0.953174985953
1934 0.953511935628
1935 0.953846936396
1936 0.954179995556
1937 0.954511120415
1938 0.954840318281
1939 0.955167596465
1940 0.955492962284
1941 0.955816423053
1942 0.956137986094
1943 0.956457658729
1944 0.956775448281
1945 0.957091362077
1946 0.957405407444
1947 0.957717591709
1948 0.958027922203
1949 0.958336406254
1950 0.958643051192
1951 0.958947864349
1952 0.959250853052
1953 0.959552024631
1954 0.959851386415
1955 0.960148945732
1956 0.960444709907
1957 0.960738686265
1958 0.961030882128
1959 0.961321304819
1960 0.961609961654
1961 0.961896859951
1962 0.962182007023
1963 0.962465410180
1964 0.962747076729
1965 0.963027013974
1966 0.963305229213
1967 0.963581729745
1968 0.963856522859
1969 0.964129615843
1970 0.964401015981
1971 0.964670730548
1972 0.964938766819
1973 0.965205132059
1974 0.965469833532
1975 0.965732878492
1976 0.965994274189
1977 0.966254027867
1978 0.966512146763
1979 0.966768638107
1980 0.967023509123
1981 0.967276767026
1982 0.967528419027
1983 0.967778472326
1984 0.968026934117
1985 0.968273811587
1986 0.968519111912
1987 0.968762842262
1988 0.969005009797
1989 0.969245621670
1990 0.969484685023
1991 0.969722206991
1992 0.969958194697
1993 0.970192655257
1994 0.970425595775
1995 0.970657023347
1996 0.970886945059
1997 0.971115367984
1998 0.971342299187
1999 0.971567745722
2000 0.971791714631
2001 0.972014212946
2002 0.972235247688
2003 0.972454825866
2004 0.972672954477
2005 0.972889640507
2006 0.973104890930
2007 0.973318712707
2008 0.973531112789
2009 0.973742098113
2010 0.973951675602
2011 0.974159852169
2012 0.974366634713
2013 0.974572030119
2014 0.974776045260
2015 0.974978686996
2016 0.975179962171
2017 0.975379877619
2018 0.975578440156
2019 0.975775656589
2020 0.975971533705
2021 0.976166078282
2022 0.976359297080
2023 0.976551196846
2024 0.976741784313
2025 0.976931066197
2026 0.977119049201
2027 0.977305740012
2028 0.977491145302
2029 0.977675271726
2030 0.977858125927
2031 0.978039714529
2032 0.978220044141
2033 0.978399121358
2034 0.978576952757
2035 0.978753544900
2036 0.978928904331
2037 0.979103037579
2038 0.979275951156
2039 0.979447651558
2040 0.979618145265
2041 0.979787438737
2042 0.979955538419
2043 0.980122450741
2044 0.980288182112
2045 0.980452738926
2046 0.980616127559
2047 0.980778354370
2048 0.980939425699
2049 0.981099347870
2050 0.981258127188
2051 0.981415769940
2052 0.981572282397
2053 0.981727670810
2054 0.981881941411
2055 0.982035100416
2056 0.982187154021
2057 0.982338108405
2058 0.982487969727
2059 0.982636744128
2060 0.982784437730
2061 0.982931056637
2062 0.983076606933
2063 0.983221094685
2064 0.983364525937
2065 0.983506906719
2066 0.983648243038
2067 0.983788540883
2068 0.983927806224
2069 0.984066045011
2070 0.984203263175
2071 0.984339466627
2072 0.984474661260
2073 0.984608852944
2074 0.984742047533
2075 0.984874250858
2076 0.985005468733
2077 0.985135706950
2078 0.985264971281
2079 0.985393267480
2080 0.985520601280
2081 0.985646978391
2082 0.985772404508
2083 0.985896885301
2084 0.986020426423
2085 0.986143033505
2086 0.986264712158
2087 0.986385467973
2088 0.986505306520
2089 0.986624233348
2090 0.986742253986
2091 0.986859373943
2092 0.986975598707
2093 0.987090933745
2094 0.987205384502
2095 0.987318956406
2096 0.987431654860
2097 0.987543485249
2098 0.987654452935
2099 0.987764563262
2100 0.987873821550
2101 0.987982233101
2102 0.988089803193
2103 0.988196537085
2104 0.988302440014
2105 0.988407517197
2106 0.988511773830
2107 0.988615215087
2108 0.988717846120
2109 0.988819672062
2110 0.988920698025
2111 0.989020929097
2112 0.989120370347
2113 0.989219026824
2114 0.989316903553
2115 0.989414005538
2116 0.989510337765
2117 0.989605905196
2118 0.989700712772
2119 0.989794765413
2120 0.989888068018
2121 0.989980625465
2122 0.990072442610
2123 0.990163524289
2124 0.990253875315
2125 0.990343500481
2126 0.990432404557
2127 0.990520592296
2128 0.990608068424
2129 0.990694837650
2130 0.990780904660
2131 0.990866274118
2132 0.990950950670
2133 0.991034938938
2134 0.991118243522
2135 0.991200869003
2136 0.991282819940
2137 0.991364100871
2138 0.991444716312
2139 0.991524670758
2140 0.991603968684
2141 0.991682614544
2142 0.991760612768
2143 0.991837967767
2144 0.991914683932
2145 0.991990765631
2146 0.992066217211
2147 0.992141043000
2148 0.992215247302
2149 0.992288834403
2150 0.992361808564
2151 0.992434174031
2152 0.992505935023
2153 0.992577095741
2154 0.992647660366
2155 0.992717633057
2156 0.992787017951
2157 0.992855819166
2158 0.992924040798
2159 0.992991686924
2160 0.993058761598
2161 0.993125268856
2162 0.993191212709
2163 0.993256597153
2164 0.993321426159
2165 0.993385703679
2166 0.993449433646
2167 0.993512619969
2168 0.993575266539
2169 0.993637377227
2170 0.993698955882
2171 0.993760006334
2172 0.993820532391
2173 0.993880537843
2174 0.993940026458
2175 0.993999001984
2176 0.994057468150
2177 0.994115428665
2178 0.994172887215
2179 0.994229847469
2180 0.994286313076
2181 0.994342287662
2182 0.994397774838
2183 0.994452778190
2184 0.994507301288
2185 0.994561347680
2186 0.994614920896
2187 0.994668024445
2188 0.994720661817
2189 0.994772836482
2190 0.994824551891
2191 0.994875811475
2192 0.994926618647
2193 0.994976976798
2194 0.995026889302
2195 0.995076359513
2196 0.995125390766
2197 0.995173986375
2198 0.995222149638
2199 0.995269883832
2200 0.995317192215
2201 0.995364078026
2202 0.995410544487
2203 0.995456594798
2204 0.995502232142
2205 0.995547459684
2206 0.995592280569
2207 0.995636697924
2208 0.995680714857
2209 0.995724334457
2210 0.995767559797
2211 0.995810393928
2212 0.995852839885
2213 0.995894900685
2214 0.995936579325
2215 0.995977878786
2216 0.996018802029
2217 0.996059351997
2218 0.996099531617
2219 0.996139343796
2220 0.996178791423
2221 0.996217877372
2222 0.996256604496
2223 0.996294975632
2224 0.996332993600
2225 0.996370661199
2226 0.996407981215
2227 0.996444956414
2228 0.996481589545
2229 0.996517883340
2230 0.996553840513
2231 0.996589463762
2232 0.996624755767
2233 0.996659719191
2234 0.996694356681
2235 0.996728670865
2236 0.996762664356
2237 0.996796339751
2238 0.996829699626
2239 0.996862746546
2240 0.996895483055
2241 0.996927911682
2242 0.996960034940
2243 0.996991855325
2244 0.997023375317
2245 0.997054597379
2246 0.997085523959
2247 0.997116157488
2248 0.997146500381
2249 0.997176555036
2250 0.997206323838
2251 0.997235809153
2252 0.997265013333
2253 0.997293938713
2254 0.997322587613
2255 0.997350962338
2256 0.997379065177
2257 0.997406898402
2258 0.997434464272
2259 0.997461765030
2260 0.997488802903
2261 0.997515580102
2262 0.997542098825
2263 0.997568361253
2264 0.997594369555
2265 0.997620125881
2266 0.997645632368
2267 0.997670891139
2268 0.997695904302
2269 0.997720673949
2270 0.997745202158
2271 0.997769490994
2272 0.997793542505
2273 0.997817358727
2274 0.997840941680
2275 0.997864293371
2276 0.997887415791
2277 0.997910310919
2278 0.997932980718
2279 0.997955427139
2280 0.997977652117
2281 0.997999657576
2282 0.998021445422
2283 0.998043017552
2284 0.998064375846
2285 0.998085522172
2286 0.998106458383
2287 0.998127186321
2288 0.998147707812
2289 0.998168024670
2290 0.998188138697
2291 0.998208051679
2292 0.998227765392
2293 0.998247281596
2294 0.998266602040
2295 0.998285728459
2296 0.998304662576
2297 0.998323406102
2298 0.998341960733
2299 0.998360328154
2300 0.998378510038
2301 0.998396508043
2302 0.998414323817
2303 0.998431958994
2304 0.998449415199
2305 0.998466694039
2306 0.998483797115
2307 0.998500726011
2308 0.998517482303
2309 0.998534067551
2310 0.998550483307
2311 0.998566731108
2312 0.998582812482
2313 0.998598728943
2314 0.998614481994
2315 0.998630073128
2316 0.998645503825
2317 0.998660775553
2318 0.998675889770
2319 0.998690847922
2320 0.998705651445
2321 0.998720301761
2322 0.998734800284
2323 0.998749148415
2324 0.998763347546
2325 0.998777399055
2326 0.998791304312
2327 0.998805064675
2328 0.998818681491
2329 0.998832156097
2330 0.998845489820
2331 0.998858683975
2332 0.998871739867
2333 0.998884658791
2334 0.998897442032
2335 0.998910090863
2336 0.998922606550
2337 0.998934990345
2338 0.998947243493
2339 0.998959367227
2340 0.998971362771
2341 0.998983231339
2342 0.998994974134
2343 0.999006592353
2344 0.999018087178
2345 0.999029459784
2346 0.999040711338
2347 0.999051842995
2348 0.999062855901
2349 0.999073751193
2350 0.999084529999
2351 0.999095193436
2352 0.999105742615
2353 0.999116178634
2354 0.999126502585
2355 0.999136715549
2356 0.999146818599
2357 0.999156812799
2358 0.999166699203
2359 0.999176478858
2360 0.999186152800
2361 0.999195722059
2362 0.999205187655
2363 0.999214550598
2364 0.999223811892
2365 0.999232972531
2366 0.999242033500
2367 0.999250995778
2368 0.999259860334
2369 0.999268628128
2370 0.999277300114
2371 0.999285877235
2372 0.999294360430
2373 0.999302750625
2374 0.999311048742
2375 0.999319255694
2376 0.999327372385
2377 0.999335399712
2378 0.999343338565
2379 0.999351189824
2380 0.999358954365
2381 0.999366633052
2382 0.999374226746
2383 0.999381736296
2384 0.999389162548
2385 0.999396506336
2386 0.999403768491
2387 0.999410949835
2388 0.999418051181
2389 0.999425073337
2390 0.999432017104
2391 0.999438883275
2392 0.999445672635
2393 0.999452385965
2394 0.999459024036
2395 0.999465587614
2396 0.999472077457
2397 0.999478494317
2398 0.999484838940
2399 0.999491112063
2400 0.999497314419
2401 0.999503446733
2402 0.999509509723
2403 0.999515504101
2404 0.999521430574
2405 0.999527289841
2406 0.999533082595
2407 0.999538809522
2408 0.999544471303
2409 0.999550068613
2410 0.999555602119
2411 0.999561072484
2412 0.999566480363
2413 0.999571826407
2414 0.999577111260
2415 0.999582335560
2416 0.999587499939
2417 0.999592605023
2418 0.999597651433
2419 0.999602639784
2420 0.999607570685
2421 0.999612444739
2422 0.999617262546
2423 0.999622024696
2424 0.999626731777
2425 0.999631384370
2426 0.999635983050
2427 0.999640528390
2428 0.999645020953
2429 0.999649461299
2430 0.999653849983
2431 0.999658187555
2432 0.999662474558
2433 0.999666711532
2434 0.999670899011
2435 0.999675037523
2436 0.999679127592
2437 0.999683169737
2438 0.999687164471
2439 0.999691112305
2440 0.999695013742
2441 0.999698869281
2442 0.999702679417
2443 0.999706444640
2444 0.999710165435
2445 0.999713842281
2446 0.999717475656
2447 0.999721066029
2448 0.999724613869
2449 0.999728119636
2450 0.999731583788
2451 0.999735006779
2452 0.999738389057
2453 0.999741731067
2454 0.999745033249
2455 0.999748296038
2456 0.999751519866
2457 0.999754705160
2458 0.999757852343
2459 0.999760961835
2460 0.999764034050
2461 0.999767069398
2462 0.999770068287
2463 0.999773031118
2464 0.999775958291
2465 0.999778850200
2466 0.999781707237
2467 0.999784529787
2468 0.999787318234
2469 0.999790072956
2470 0.999792794331
2471 0.999795482728
2472 0.999798138517
2473 0.999800762061
2474 0.999803353721
2475 0.999805913854
2476 0.999808442813
2477 0.999810940948
2478 0.999813408605
2479 0.999815846128
2480 0.999818253854
2481 0.999820632121
2482 0.999822981261
2483 0.999825301603
2484 0.999827593472
2485 0.999829857191
2486 0.999832093078
2487 0.999834301451
2488 0.999836482621
2489 0.999838636898
2490 0.999840764587
2491 0.999842865993
2492 0.999844941415
2493 0.999846991150
2494 0.999849015491
2495 0.999851014730
2496 0.999852989153
2497 0.999854939047
2498 0.999856864693
2499 0.999858766369
2500 0.999860644351
2501 0.999862498913
2502 0.999864330325
2503 0.999866138855
2504 0.999867924766
2505 0.999869688321
2506 0.999871429779
2507 0.999873149396
2508 0.999874847425
2509 0.999876524119
2510 0.999878179725
2511 0.999879814489
2512 0.999881428654
2513 0.999883022460
2514 0.999884596147
2515 0.999886149948
2516 0.999887684098
2517 0.999889198826
2518 0.999890694360
2519 0.999892170927
2520 0.999893628749
2521 0.999895068048
2522 0.999896489041
2523 0.999897891945
2524 0.999899276973
2525 0.999900644337
2526 0.999901994246
2527 0.999903326907
2528 0.999904642525
2529 0.999905941303
2530 0.999907223439
2531 0.999908489134
2532 0.999909738582
2533 0.999910971977
2534 0.999912189511
2535 0.999913391374
2536 0.999914577754
2537 0.999915748835
2538 0.999916904802
2539 0.999918045835
2540 0.999919172115
2541 0.999920283819
2542 0.999921381122
2543 0.999922464198
2544 0.999923533218
2545 0.999924588353
2546 0.999925629771
2547 0.999926657637
2548 0.999927672116
2549 0.999928673370
2550 0.999929661559
2551 0.999930636844
2552 0.999931599380
2553 0.999932549323
2554 0.999933486827
2555 0.999934412043
2556 0.999935325122
2557 0.999936226212
2558 0.999937115460
2559 0.999937993011
2560 0.999938859008
2561 0.999939713594
2562 0.999940556909
2563 0.999941389092
2564 0.999942210279
2565 0.999943020607
2566 0.999943820209
2567 0.999944609218
2568 0.999945387765
2569 0.999946155979
2570 0.999946913989
2571 0.999947661922
2572 0.999948399902
2573 0.999949128054
2574 0.999949846498
2575 0.999950555358
2576 0.999951254751
2577 0.999951944797
2578 0.999952625612
2579 0.999953297312
2580 0.999953960010
2581 0.999954613819
2582 0.999955258852
2583 0.999955895218
2584 0.999956523026
2585 0.999957142384
2586 0.999957753399
2587 0.999958356175
2588 0.999958950817
2589 0.999959537427
2590 0.999960116107
2591 0.999960686957
2592 0.999961250077
2593 0.999961805565
2594 0.999962353517
2595 0.999962894029
2596 0.999963427197
2597 0.999963953113
2598 0.999964471870
2599 0.999964983559
2600 0.999965488271
2601 0.999965986094
2602 0.999966477118
2603 0.999966961428
2604 0.999967439112
2605 0.999967910254
2606 1.0
