32768.000
6554 0.000031843218
6570 0.000032173239
6586 0.000032506495
6602 0.000032843017
6618 0.000033182835
6634 0.000033525978
6650 0.000033872477
6666 0.000034222362
6682 0.000034575666
6698 0.000034932418
6714 0.000035292651
6730 0.000035656396
6746 0.000036023686
6762 0.000036394552
6778 0.000036769028
6794 0.000037147145
6810 0.000037528938
6826 0.000037914440
6842 0.000038303684
6858 0.000038696705
6874 0.000039093536
6890 0.000039494213
6906 0.000039898770
6922 0.000040307242
6938 0.000040719664
6954 0.000041136074
6970 0.000041556505
6986 0.000041980995
7002 0.000042409581
7018 0.000042842299
7034 0.000043279187
7050 0.000043720282
7066 0.000044165621
7082 0.000044615244
7098 0.000045069189
7114 0.000045527494
7130 0.000045990198
7146 0.000046457342
7162 0.000046928964
7178 0.000047405105
7194 0.000047885806
7210 0.000048371107
7226 0.000048861048
7242 0.000049355673
7258 0.000049855022
7274 0.000050359137
7290 0.000050868062
7306 0.000051381838
7322 0.000051900509
7338 0.000052424119
7354 0.000052952711
7370 0.000053486330
7386 0.000054025020
7402 0.000054568826
7418 0.000055117793
7434 0.000055671968
7450 0.000056231396
7466 0.000056796123
7482 0.000057366197
7498 0.000057941664
7514 0.000058522573
7530 0.000059108971
7546 0.000059700906
7562 0.000060298428
7578 0.000060901584
7594 0.000061510426
7610 0.000062125003
7626 0.000062745364
7642 0.000063371561
7658 0.000064003646
7674 0.000064641668
7690 0.000065285682
7706 0.000065935738
7722 0.000066591889
7738 0.000067254190
7754 0.000067922692
7770 0.000068597452
7786 0.000069278522
7802 0.000069965958
7818 0.000070659816
7834 0.000071360151
7850 0.000072067019
7866 0.000072780477
7882 0.000073500582
7898 0.000074227392
7914 0.000074960965
7930 0.000075701359
7946 0.000076448634
7962 0.000077202848
7978 0.000077964062
7994 0.000078732336
8010 0.000079507731
8026 0.000080290309
8042 0.000081080130
8058 0.000081877258
8074 0.000082681755
8090 0.000083493685
8106 0.000084313110
8122 0.000085140097
8138 0.000085974708
8154 0.000086817010
8170 0.000087667069
8186 0.000088524950
8202 0.000089390721
8218 0.000090264449
8234 0.000091146202
8250 0.000092036048
8266 0.000092934055
8282 0.000093840295
8298 0.000094754836
8314 0.000095677749
8330 0.000096609105
8346 0.000097548977
8362 0.000098497435
8378 0.000099454553
8394 0.000100420404
8410 0.000101395062
8426 0.000102378602
8442 0.000103371098
8458 0.000104372626
8474 0.000105383262
8490 0.000106403083
8506 0.000107432166
8522 0.000108470590
8538 0.000109518433
8554 0.000110575773
8570 0.000111642691
8586 0.000112719267
8602 0.000113805581
8618 0.000114901717
8634 0.000116007755
8650 0.000117123778
8666 0.000118249870
8682 0.000119386115
8698 0.000120532598
8714 0.000121689404
8730 0.000122856619
8746 0.000124034330
8762 0.000125222623
8778 0.000126421588
8794 0.000127631312
8810 0.000128851885
8826 0.000130083396
8842 0.000131325937
8858 0.000132579599
8874 0.000133844473
8890 0.000135120653
8906 0.000136408231
8922 0.000137707303
8938 0.000139017961
8954 0.000140340303
8970 0.000141674424
8986 0.000143020422
9002 0.000144378393
9018 0.000145748436
9034 0.000147130650
9050 0.000148525135
9066 0.000149931992
9082 0.000151351322
9098 0.000152783227
9114 0.000154227809
9130 0.000155685173
9146 0.000157155422
9162 0.000158638662
9178 0.000160134999
9194 0.000161644538
9210 0.000163167389
9226 0.000164703658
9242 0.000166253455
9258 0.000167816889
9274 0.000169394072
9290 0.000170985115
9306 0.000172590129
9322 0.000174209228
9338 0.000175842526
9354 0.000177490138
9370 0.000179152179
9386 0.000180828764
9402 0.000182520013
9418 0.000184226042
9434 0.000185946971
9450 0.000187682919
9466 0.000189434007
9482 0.000191200357
9498 0.000192982091
9514 0.000194779331
9530 0.000196592203
9546 0.000198420832
9562 0.000200265343
9578 0.000202125863
9594 0.000204002520
9610 0.000205895442
9626 0.000207804760
9642 0.000209730604
9658 0.000211673105
9674 0.000213632395
9690 0.000215608609
9706 0.000217601879
9722 0.000219612343
9738 0.000221640135
9754 0.000223685392
9770 0.000225748254
9786 0.000227828859
9802 0.000229927347
9818 0.000232043859
9834 0.000234178538
9850 0.000236331527
9866 0.000238502968
9882 0.000240693009
9898 0.000242901795
9914 0.000245129472
9930 0.000247376190
9946 0.000249642097
9962 0.000251927344
9978 0.000254232082
9994 0.000256556463
10010 0.000258900642
10026 0.000261264771
10042 0.000263649008
10058 0.000266053508
10074 0.000268478430
10090 0.000270923933
10106 0.000273390175
10122 0.000275877319
10138 0.000278385526
10154 0.000280914960
10170 0.000283465786
10186 0.000286038168
10202 0.000288632274
10218 0.000291248271
10234 0.000293886329
10250 0.000296546618
10266 0.000299229308
10282 0.000301934573
10298 0.000304662586
10314 0.000307413522
10330 0.000310187558
10346 0.000312984869
10362 0.000315805636
10378 0.000318650038
10394 0.000321518255
10410 0.000324410470
10426 0.000327326866
10442 0.000330267627
10458 0.000333232941
10474 0.000336222993
10490 0.000339237973
10506 0.000342278069
10522 0.000345343474
10538 0.000348434379
10554 0.000351550977
10570 0.000354693464
10586 0.000357862036
10602 0.000361056890
10618 0.000364278225
10634 0.000367526242
10650 0.000370801141
10666 0.000374103125
10682 0.000377432399
10698 0.000380789168
10714 0.000384173640
10730 0.000387586021
10746 0.000391026523
10762 0.000394495356
10778 0.000397992732
10794 0.000401518865
10810 0.000405073972
10826 0.000408658267
10842 0.000412271970
10858 0.000415915300
10874 0.000419588478
10890 0.000423291726
10906 0.000427025269
10922 0.000430789331
10938 0.000434584140
10954 0.000438409925
10970 0.000442266913
10986 0.000446155338
11002 0.000450075432
11018 0.000454027430
11034 0.000458011566
11050 0.000462028080
11066 0.000466077209
11082 0.000470159194
11098 0.000474274278
11114 0.000478422703
11130 0.000482604716
11146 0.000486820562
11162 0.000491070491
11178 0.000495354752
11194 0.000499673597
11210 0.000504027280
11226 0.000508416054
11242 0.000512840177
11258 0.000517299906
11274 0.000521795502
11290 0.000526327226
11306 0.000530895340
11322 0.000535500111
11338 0.000540141803
11354 0.000544820686
11370 0.000549537029
11386 0.000554291104
11402 0.000559083184
11418 0.000563913545
11434 0.000568782462
11450 0.000573690214
11466 0.000578637082
11482 0.000583623348
11498 0.000588649296
11514 0.000593715210
11530 0.000598821379
11546 0.000603968092
11562 0.000609155640
11578 0.000614384315
11594 0.000619654412
11610 0.000624966228
11626 0.000630320061
11642 0.000635716211
11658 0.000641154981
11674 0.000646636674
11690 0.000652161596
11706 0.000657730054
11722 0.000663342359
11738 0.000668998822
11754 0.000674699756
11770 0.000680445477
11786 0.000686236302
11802 0.000692072551
11818 0.000697954544
11834 0.000703882605
11850 0.000709857058
11866 0.000715878233
11882 0.000721946456
11898 0.000728062060
11914 0.000734225378
11930 0.000740436745
11946 0.000746696498
11962 0.000753004977
11978 0.000759362523
11994 0.000765769479
12010 0.000772226192
12026 0.000778733008
12042 0.000785290277
12058 0.000791898351
12074 0.000798557585
12090 0.000805268333
12106 0.000812030955
12122 0.000818845811
12138 0.000825713263
12154 0.000832633676
12170 0.000839607417
12186 0.000846634855
12202 0.000853716360
12218 0.000860852308
12234 0.000868043072
12250 0.000875289032
12266 0.000882590566
12282 0.000889948059
12298 0.000897361894
12314 0.000904832458
12330 0.000912360141
12346 0.000919945333
12362 0.000927588430
12378 0.000935289826
12394 0.000943049921
12410 0.000950869115
12426 0.000958747811
12442 0.000966686415
12458 0.000974685334
12474 0.000982744979
12490 0.000990865763
12506 0.000999048100
12522 0.001007292408
12538 0.001015599107
12554 0.001023968619
12570 0.001032401368
12586 0.001040897782
12602 0.001049458291
12618 0.001058083326
12634 0.001066773322
12650 0.001075528717
12666 0.001084349950
12682 0.001093237462
12698 0.001102191699
12714 0.001111213108
12730 0.001120302138
12746 0.001129459242
12762 0.001138684874
12778 0.001147979493
12794 0.001157343558
12810 0.001166777531
12826 0.001176281879
12842 0.001185857068
12858 0.001195503570
12874 0.001205221857
12890 0.001215012406
12906 0.001224875695
12922 0.001234812205
12938 0.001244822420
12954 0.001254906827
12970 0.001265065915
12986 0.001275300175
13002 0.001285610104
13018 0.001295996198
13034 0.001306458958
13050 0.001316998887
13066 0.001327616490
13082 0.001338312277
13098 0.001349086759
13114 0.001359940450
13130 0.001370873867
13146 0.001381887530
13162 0.001392981963
13178 0.001404157690
13194 0.001415415241
13210 0.001426755147
13226 0.001438177942
13242 0.001449684164
13258 0.001461274353
13274 0.001472949051
13290 0.001484708806
13306 0.001496554166
13322 0.001508485683
13338 0.001520503912
13354 0.001532609412
13370 0.001544802743
13386 0.001557084469
13402 0.001569455158
13418 0.001581915380
13434 0.001594465707
13450 0.001607106716
13466 0.001619838987
13482 0.001632663101
13498 0.001645579645
13514 0.001658589206
13530 0.001671692377
13546 0.001684889753
13562 0.001698181932
13578 0.001711569514
13594 0.001725053105
13610 0.001738633312
13626 0.001752310745
13642 0.001766086018
13658 0.001779959750
13674 0.001793932559
13690 0.001808005071
13706 0.001822177911
13722 0.001836451711
13738 0.001850827103
13754 0.001865304724
13770 0.001879885215
13786 0.001894569218
13802 0.001909357381
13818 0.001924250354
13834 0.001939248790
13850 0.001954353345
13866 0.001969564681
13882 0.001984883460
13898 0.002000310350
13914 0.002015846020
13930 0.002031491146
13946 0.002047246403
13962 0.002063112473
13978 0.002079090040
13994 0.002095179791
14010 0.002111382418
14026 0.002127698615
14042 0.002144129080
14058 0.002160674515
14074 0.002177335625
14090 0.002194113119
14106 0.002211007709
14122 0.002228020112
14138 0.002245151045
14154 0.002262401233
14170 0.002279771402
14186 0.002297262283
14202 0.002314874608
14218 0.002332609116
14234 0.002350466549
14250 0.002368447650
14266 0.002386553168
14282 0.002404783856
14298 0.002423140469
14314 0.002441623768
14330 0.002460234515
14346 0.002478973477
14362 0.002497841426
14378 0.002516839136
14394 0.002535967385
14410 0.002555226956
14426 0.002574618635
14442 0.002594143211
14458 0.002613801478
14474 0.002633594233
14490 0.002653522279
14506 0.002673586419
14522 0.002693787463
14538 0.002714126224
14554 0.002734603519
14570 0.002755220168
14586 0.002775976996
14602 0.002796874831
14618 0.002817914507
14634 0.002839096859
14650 0.002860422728
14666 0.002881892959
14682 0.002903508399
14698 0.002925269901
14714 0.002947178322
14730 0.002969234522
14746 0.002991439365
14762 0.003013793720
14778 0.003036298459
14794 0.003058954460
14810 0.003081762603
14826 0.003104723772
14842 0.003127838857
14858 0.003151108750
14874 0.003174534349
14890 0.003198116556
14906 0.003221856275
14922 0.003245754416
14938 0.003269811893
14954 0.003294029624
14970 0.003318408532
14986 0.003342949542
15002 0.003367653585
15018 0.003392521596
15034 0.003417554515
15050 0.003442753284
15066 0.003468118851
15082 0.003493652168
15098 0.003519354192
15114 0.003545225882
15130 0.003571268203
15146 0.003597482125
15162 0.003623868622
15178 0.003650428670
15194 0.003677163252
15210 0.003704073355
15226 0.003731159969
15242 0.003758424090
15258 0.003785866717
15274 0.003813488855
15290 0.003841291512
15306 0.003869275700
15322 0.003897442438
15338 0.003925792748
15354 0.003954327654
15370 0.003983048190
15386 0.004011955388
15402 0.004041050290
15418 0.004070333939
15434 0.004099807385
15450 0.004129471681
15466 0.004159327884
15482 0.004189377057
15498 0.004219620267
15514 0.004250058585
15530 0.004280693088
15546 0.004311524856
15562 0.004342554975
15578 0.004373784534
15594 0.004405214628
15610 0.004436846356
15626 0.004468680822
15642 0.004500719135
15658 0.004532962407
15674 0.004565411756
15690 0.004598068305
15706 0.004630933181
15722 0.004664007516
15738 0.004697292446
15754 0.004730789112
15770 0.004764498661
15786 0.004798422243
15802 0.004832561014
15818 0.004866916134
15834 0.004901488769
15850 0.004936280087
15866 0.004971291263
15882 0.005006523477
15898 0.005041977913
15914 0.005077655760
15930 0.005113558211
15946 0.005149686466
15962 0.005186041728
15978 0.005222625204
15994 0.005259438109
16010 0.005296481660
16026 0.005333757080
16042 0.005371265598
16058 0.005409008445
16074 0.005446986859
16090 0.005485202082
16106 0.005523655363
16122 0.005562347953
16138 0.005601281110
16154 0.005640456096
16170 0.005679874178
16186 0.005719536628
16202 0.005759444723
16218 0.005799599745
16234 0.005840002981
16250 0.005880655724
16266 0.005921559270
16282 0.005962714921
16298 0.006004123984
16314 0.006045787771
16330 0.006087707600
16346 0.006129884792
16362 0.006172320674
16378 0.006215016580
16394 0.006257973845
16410 0.006301193812
16426 0.006344677829
16442 0.006388427247
16458 0.006432443426
16474 0.006476727726
16490 0.006521281516
16506 0.006566106168
16522 0.006611203061
16538 0.006656573577
16554 0.006702219105
16570 0.006748141038
16586 0.006794340774
16602 0.006840819716
16618 0.006887579274
16634 0.006934620861
16650 0.006981945897
16666 0.007029555804
16682 0.007077452014
16698 0.007125635959
16714 0.007174109080
16730 0.007222872822
16746 0.007271928634
16762 0.007321277972
16778 0.007370922296
16794 0.007420863072
16810 0.007471101771
16826 0.007521639868
16842 0.007572478846
16858 0.007623620189
16874 0.007675065391
16890 0.007726815948
16906 0.007778873362
16922 0.007831239140
16938 0.007883914796
16954 0.007936901847
16970 0.007990201816
16986 0.008043816231
17002 0.008097746627
17018 0.008151994542
17034 0.008206561521
17050 0.008261449112
17066 0.008316658871
17082 0.008372192357
17098 0.008428051136
17114 0.008484236778
17130 0.008540750859
17146 0.008597594961
17162 0.008654770669
17178 0.008712279575
17194 0.008770123277
17210 0.008828303376
17226 0.008886821481
17242 0.008945679203
17258 0.009004878161
17274 0.009064419979
17290 0.009124306286
17306 0.009184538715
17322 0.009245118905
17338 0.009306048503
17354 0.009367329156
17370 0.009428962522
17386 0.009490950260
17402 0.009553294036
17418 0.009615995522
17434 0.009679056395
17450 0.009742478335
17466 0.009806263030
17482 0.009870412174
17498 0.009934927463
17514 0.009999810600
17530 0.010065063295
17546 0.010130687260
17562 0.010196684215
17578 0.010263055885
17594 0.010329803999
17610 0.010396930291
17626 0.010464436503
17642 0.010532324380
17658 0.010600595672
17674 0.010669252137
17690 0.010738295535
17706 0.010807727633
17722 0.010877550204
17738 0.010947765025
17754 0.011018373878
17770 0.011089378552
17786 0.011160780840
17802 0.011232582541
17818 0.011304785458
17834 0.011377391401
17850 0.011450402184
17866 0.011523819626
17882 0.011597645554
17898 0.011671881796
17914 0.011746530189
17930 0.011821592574
17946 0.011897070796
17962 0.011972966706
17978 0.012049282162
17994 0.012126019026
18010 0.012203179163
18026 0.012280764447
18042 0.012358776755
18058 0.012437217970
18074 0.012516089980
18090 0.012595394678
18106 0.012675133962
18122 0.012755309736
18138 0.012835923910
18154 0.012916978396
18170 0.012998475114
18186 0.013080415989
18202 0.013162802950
18218 0.013245637932
18234 0.013328922875
18250 0.013412659724
18266 0.013496850429
18282 0.013581496945
18298 0.013666601233
18314 0.013752165260
18330 0.013838190994
18346 0.013924680413
18362 0.014011635498
18378 0.014099058233
18394 0.014186950612
18410 0.014275314629
18426 0.014364152287
18442 0.014453465591
18458 0.014543256553
18474 0.014633527190
18490 0.014724279524
18506 0.014815515580
18522 0.014907237390
18538 0.014999446991
18554 0.015092146425
18570 0.015185337738
18586 0.015279022982
18602 0.015373204214
18618 0.015467883494
18634 0.015563062890
18650 0.015658744472
18666 0.015754930318
18682 0.015851622507
18698 0.015948823128
18714 0.016046534270
18730 0.016144758029
18746 0.016243496506
18762 0.016342751808
18778 0.016442526043
18794 0.016542821329
18810 0.016643639784
18826 0.016744983534
18842 0.016846854709
18858 0.016949255443
18874 0.017052187875
18890 0.017155654150
18906 0.017259656415
18922 0.017364196826
18938 0.017469277539
18954 0.017574900718
18970 0.017681068531
18986 0.017787783150
19002 0.017895046751
19018 0.018002861516
19034 0.018111229631
19050 0.018220153288
19066 0.018329634681
19082 0.018439676011
19098 0.018550279482
19114 0.018661447303
19130 0.018773181687
19146 0.018885484853
19162 0.018998359024
19178 0.019111806426
19194 0.019225829291
19210 0.019340429855
19226 0.019455610358
19242 0.019571373045
19258 0.019687720165
19274 0.019804653972
19290 0.019922176724
19306 0.020040290683
19322 0.020158998116
19338 0.020278301293
19354 0.020398202489
19370 0.020518703984
19386 0.020639808062
19402 0.020761517010
19418 0.020883833121
19434 0.021006758690
19450 0.021130296018
19466 0.021254447410
19482 0.021379215174
19498 0.021504601622
19514 0.021630609073
19530 0.021757239846
19546 0.021884496266
19562 0.022012380663
19578 0.022140895369
19594 0.022270042721
19610 0.022399825060
19626 0.022530244731
19642 0.022661304082
19658 0.022793005465
19674 0.022925351237
19690 0.023058343759
19706 0.023191985394
19722 0.023326278510
19738 0.023461225478
19754 0.023596828674
19770 0.023733090476
19786 0.023870013268
19802 0.024007599435
19818 0.024145851368
19834 0.024284771460
19850 0.024424362108
19866 0.024564625713
19882 0.024705564680
19898 0.024847181414
19914 0.024989478329
19930 0.025132457839
19946 0.025276122361
19962 0.025420474318
19978 0.025565516133
19994 0.025711250236
20010 0.025857679057
20026 0.026004805033
20042 0.026152630599
20058 0.026301158199
20074 0.026450390276
20090 0.026600329279
20106 0.026750977657
20122 0.026902337865
20138 0.027054412360
20154 0.027207203602
20170 0.027360714055
20186 0.027514946183
20202 0.027669902457
20218 0.027825585348
20234 0.027981997332
20250 0.028139140886
20266 0.028297018491
20282 0.028455632630
20298 0.028614985790
20314 0.028775080459
20330 0.028935919130
20346 0.029097504297
20362 0.029259838457
20378 0.029422924109
20394 0.029586763757
20410 0.029751359904
20426 0.029916715059
20442 0.030082831730
20458 0.030249712432
20474 0.030417359677
20490 0.030585775985
20506 0.030754963873
20522 0.030924925864
20538 0.031095664482
20554 0.031267182254
20570 0.031439481708
20586 0.031612565374
20602 0.031786435787
20618 0.031961095480
20634 0.032136546992
20650 0.032312792860
20666 0.032489835628
20682 0.032667677836
20698 0.032846322032
20714 0.033025770761
20730 0.033206026573
20746 0.033387092018
20762 0.033568969649
20778 0.033751662019
20794 0.033935171686
20810 0.034119501205
20826 0.034304653138
20842 0.034490630043
20858 0.034677434485
20874 0.034865069026
20890 0.035053536232
20906 0.035242838669
20922 0.035432978907
20938 0.035623959514
20954 0.035815783061
20970 0.036008452121
20986 0.036201969266
21002 0.036396337072
21018 0.036591558113
21034 0.036787634968
21050 0.036984570213
21066 0.037182366428
21082 0.037381026193
21098 0.037580552088
21114 0.037780946696
21130 0.037982212598
21146 0.038184352378
21162 0.038387368621
21178 0.038591263912
21194 0.038796040835
21210 0.039001701978
21226 0.039208249928
21242 0.039415687271
21258 0.039624016596
21274 0.039833240491
21290 0.040043361546
21306 0.040254382349
21322 0.040466305489
21338 0.040679133558
21354 0.040892869145
21370 0.041107514840
21386 0.041323073234
21402 0.041539546917
21418 0.041756938481
21434 0.041975250515
21450 0.042194485611
21466 0.042414646359
21482 0.042635735350
21498 0.042857755174
21514 0.043080708421
21530 0.043304597680
21546 0.043529425543
21562 0.043755194596
21578 0.043981907430
21594 0.044209566633
21610 0.044438174793
21626 0.044667734496
21642 0.044898248329
21658 0.045129718879
21674 0.045362148731
21690 0.045595540470
21706 0.045829896678
21722 0.046065219940
21738 0.046301512836
21754 0.046538777949
21770 0.046777017859
21786 0.047016235144
21802 0.047256432382
21818 0.047497612151
21834 0.047739777025
21850 0.047982929580
21866 0.048227072389
21882 0.048472208022
21898 0.048718339051
21914 0.048965468044
21930 0.049213597569
21946 0.049462730192
21962 0.049712868476
21978 0.049964014985
21994 0.050216172279
22010 0.050469342917
22026 0.050723529457
22042 0.050978734453
22058 0.051234960460
22074 0.051492210029
22090 0.051750485708
22106 0.052009790047
22122 0.052270125589
22138 0.052531494878
22154 0.052793900455
22170 0.053057344858
22186 0.053321830623
22202 0.053587360284
22218 0.053853936371
22234 0.054121561415
22250 0.054390237940
22266 0.054659968471
22282 0.054930755528
22298 0.055202601629
22314 0.055475509290
22330 0.055749481022
22346 0.056024519335
22362 0.056300626737
22378 0.056577805730
22394 0.056856058814
22410 0.057135388487
22426 0.057415797244
22442 0.057697287574
22458 0.057979861965
22474 0.058263522902
22490 0.058548272865
22506 0.058834114331
22522 0.059121049774
22538 0.059409081665
22554 0.059698212469
22570 0.059988444649
22586 0.060279780664
22602 0.060572222970
22618 0.060865774017
22634 0.061160436252
22650 0.061456212120
22666 0.061753104059
22682 0.062051114504
22698 0.062350245886
22714 0.062650500632
22730 0.062951881164
22746 0.063254389900
22762 0.063558029254
22778 0.063862801634
22794 0.064168709445
22810 0.064475755088
22826 0.064783940957
22842 0.065093269442
22858 0.065403742931
22874 0.065715363802
22890 0.066028134434
22906 0.066342057196
22922 0.066657134454
22938 0.066973368570
22954 0.067290761899
22970 0.067609316792
22986 0.067929035594
23002 0.068249920645
23018 0.068571974280
23034 0.068895198827
23050 0.069219596611
23066 0.069545169950
23082 0.069871921155
23098 0.070199852533
23114 0.070528966386
23130 0.070859265008
23146 0.071190750690
23162 0.071523425713
23178 0.071857292355
23194 0.072192352887
23210 0.072528609576
23226 0.072866064678
23242 0.073204720447
23258 0.073544579129
23274 0.073885642965
23290 0.074227914186
23306 0.074571395021
23322 0.074916087690
23338 0.075261994406
23354 0.075609117376
23370 0.075957458801
23386 0.076307020874
23402 0.076657805781
23418 0.077009815703
23434 0.077363052811
23450 0.077717519271
23466 0.078073217241
23482 0.078430148873
23498 0.078788316310
23514 0.079147721689
23530 0.079508367139
23546 0.079870254781
23562 0.080233386731
23578 0.080597765093
23594 0.080963391967
23610 0.081330269445
23626 0.081698399610
23642 0.082067784536
23658 0.082438426292
23674 0.082810326938
23690 0.083183488525
23706 0.083557913096
23722 0.083933602687
23738 0.084310559325
23754 0.084688785029
23770 0.085068281809
23786 0.085449051668
23802 0.085831096598
23818 0.086214418586
23834 0.086599019607
23850 0.086984901628
23866 0.087372066610
23882 0.087760516502
23898 0.088150253245
23914 0.088541278773
23930 0.088933595007
23946 0.089327203863
23962 0.089722107246
23978 0.090118307051
23994 0.090515805165
24010 0.090914603467
24026 0.091314703823
24042 0.091716108093
24058 0.092118818125
24074 0.092522835759
24090 0.092928162825
24106 0.093334801143
24122 0.093742752523
24138 0.094152018766
24154 0.094562601662
24170 0.094974502993
24186 0.095387724529
24202 0.095802268030
24218 0.096218135246
24234 0.096635327919
24250 0.097053847778
24266 0.097473696543
24282 0.097894875922
24298 0.098317387614
24314 0.098741233309
24330 0.099166414682
24346 0.099592933402
24362 0.100020791124
24378 0.100449989493
24394 0.100880530145
24410 0.101312414703
24426 0.101745644780
24442 0.102180221976
24458 0.102616147883
24474 0.103053424081
24490 0.103492052136
24506 0.103932033607
24522 0.104373370038
24538 0.104816062963
24554 0.105260113906
24570 0.105705524376
24586 0.106152295874
24602 0.106600429888
24618 0.107049927893
24634 0.107500791353
24650 0.107953021722
24666 0.108406620439
24682 0.108861588932
24698 0.109317928619
24714 0.109775640904
24730 0.110234727179
24746 0.110695188823
24762 0.111157027205
24778 0.111620243680
24794 0.112084839591
24810 0.112550816268
24826 0.113018175029
24842 0.113486917179
24858 0.113957044012
24874 0.114428556806
24890 0.114901456830
24906 0.115375745338
24922 0.115851423570
24938 0.116328492756
24954 0.116806954112
24970 0.117286808838
24986 0.117768058126
25002 0.118250703150
25018 0.118734745075
25034 0.119220185048
25050 0.119707024207
25066 0.120195263674
25082 0.120684904559
25098 0.121175947956
25114 0.121668394949
25130 0.122162246606
25146 0.122657503981
25162 0.123154168115
25178 0.123652240036
25194 0.124151720756
25210 0.124652611275
25226 0.125154912579
25242 0.125658625637
25258 0.126163751408
25274 0.126670290834
25290 0.127178244844
25306 0.127687614352
25322 0.128198400259
25338 0.128710603449
25354 0.129224224794
25370 0.129739265150
25386 0.130255725360
25402 0.130773606251
25418 0.131292908636
25434 0.131813633312
25450 0.132335781063
25466 0.132859352657
25482 0.133384348848
25498 0.133910770374
25514 0.134438617958
25530 0.134967892310
25546 0.135498594122
25562 0.136030724072
25578 0.136564282824
25594 0.137099271025
25610 0.137635689307
25626 0.138173538287
25642 0.138712818567
25658 0.139253530733
25674 0.139795675354
25690 0.140339252987
25706 0.140884264171
25722 0.141430709428
25738 0.141978589266
25754 0.142527904179
25770 0.143078654641
25786 0.143630841114
25802 0.144184464041
25818 0.144739523851
25834 0.145296020956
25850 0.145853955753
25866 0.146413328621
25882 0.146974139925
25898 0.147536390012
25914 0.148100079213
25930 0.148665207844
25946 0.149231776203
25962 0.149799784573
25978 0.150369233219
25994 0.150940122391
26010 0.151512452322
26026 0.152086223226
26042 0.152661435305
26058 0.153238088740
26074 0.153816183698
26090 0.154395720328
26106 0.154976698762
26122 0.155559119116
26138 0.156142981488
26154 0.156728285960
26170 0.157315032596
26186 0.157903221445
26202 0.158492852536
26218 0.159083925883
26234 0.159676441482
26250 0.160270399312
26266 0.160865799334
26282 0.161462641493
26298 0.162060925716
26314 0.162660651912
26330 0.163261819974
26346 0.163864429776
26362 0.164468481176
26378 0.165073974013
26394 0.165680908109
26410 0.166289283268
26426 0.166899099278
26442 0.167510355907
26458 0.168123052907
26474 0.168737190012
26490 0.169352766936
26506 0.169969783378
26522 0.170588239018
26538 0.171208133519
26554 0.171829466523
26570 0.172452237658
26586 0.173076446531
26602 0.173702092732
26618 0.174329175834
26634 0.174957695389
26650 0.175587650935
26666 0.176219041988
26682 0.176851868047
26698 0.177486128593
26714 0.178121823090
26730 0.178758950981
26746 0.179397511692
26762 0.180037504631
26778 0.180678929186
26794 0.181321784730
26810 0.181966070613
26826 0.182611786170
26842 0.183258930716
26858 0.183907503547
26874 0.184557503941
26890 0.185208931159
26906 0.185861784439
26922 0.186516063005
26938 0.187171766060
26954 0.187828892788
26970 0.188487442355
26986 0.189147413909
27002 0.189808806577
27018 0.190471619469
27034 0.191135851675
27050 0.191801502268
27066 0.192468570299
27082 0.193137054803
27098 0.193806954794
27114 0.194478269269
27130 0.195150997204
27146 0.195825137557
27162 0.196500689267
27178 0.197177651253
27194 0.197856022417
27210 0.198535801640
27226 0.199216987784
27242 0.199899579693
27258 0.200583576190
27274 0.201268976082
27290 0.201955778152
27306 0.202643981169
27322 0.203333583879
27338 0.204024585010
27354 0.204716983272
27370 0.205410777353
27386 0.206105965923
27402 0.206802547635
27418 0.207500521119
27434 0.208199884987
27450 0.208900637833
27466 0.209602778230
27482 0.210306304731
27498 0.211011215872
27514 0.211717510169
27530 0.212425186116
27546 0.213134242190
27562 0.213844676849
27578 0.214556488530
27594 0.215269675651
27610 0.215984236611
27626 0.216700169789
27642 0.217417473544
27658 0.218136146218
27674 0.218856186129
27690 0.219577591581
27706 0.220300360853
27722 0.221024492209
27738 0.221749983892
27754 0.222476834123
27770 0.223205041107
27786 0.223934603028
27802 0.224665518050
27818 0.225397784318
27834 0.226131399958
27850 0.226866363074
27866 0.227602671755
27882 0.228340324065
27898 0.229079318053
27914 0.229819651745
27930 0.230561323151
27946 0.231304330257
27962 0.232048671034
27978 0.232794343431
27994 0.233541345376
28010 0.234289674781
28026 0.235039329537
28042 0.235790307513
28058 0.236542606563
28074 0.237296224517
28090 0.238051159188
28106 0.238807408370
28122 0.239564969835
28138 0.240323841338
28154 0.241084020614
28170 0.241845505375
28186 0.242608293320
28202 0.243372382122
28218 0.244137769439
28234 0.244904452908
28250 0.245672430145
28266 0.246441698749
28282 0.247212256299
28298 0.247984100354
28314 0.248757228453
28330 0.249531638117
28346 0.250307326846
28362 0.251084292122
28378 0.251862531408
28394 0.252642042145
28410 0.253422821758
28426 0.254204867650
28442 0.254988177206
28458 0.255772747793
28474 0.256558576755
28490 0.257345661419
28506 0.258133999095
28522 0.258923587069
28538 0.259714422611
28554 0.260506502971
28570 0.261299825381
28586 0.262094387051
28602 0.262890185174
28618 0.263687216923
28634 0.264485479453
28650 0.265284969900
28666 0.266085685378
28682 0.266887622986
28698 0.267690779802
28714 0.268495152884
28730 0.269300739273
28746 0.270107535991
28762 0.270915540038
28778 0.271724748400
28794 0.272535158040
28810 0.273346765904
28826 0.274159568919
28842 0.274973563993
28858 0.275788748016
28874 0.276605117859
28890 0.277422670372
28906 0.278241402390
28922 0.279061310728
28938 0.279882392181
28954 0.280704643526
28970 0.281528061523
28986 0.282352642912
29002 0.283178384415
29018 0.284005282736
29034 0.284833334559
29050 0.285662536551
29066 0.286492885361
29082 0.287324377618
29098 0.288157009934
29114 0.288990778903
29130 0.289825681100
29146 0.290661713082
29162 0.291498871388
29178 0.292337152538
29194 0.293176553037
29210 0.294017069368
29226 0.294858697998
29242 0.295701435375
29258 0.296545277932
29274 0.297390222081
29290 0.298236264218
29306 0.299083400719
29322 0.299931627944
29338 0.300780942236
29354 0.301631339919
29370 0.302482817300
29386 0.303335370668
29402 0.304188996294
29418 0.305043690433
29434 0.305899449321
29450 0.306756269178
29466 0.307614146207
29482 0.308473076591
29498 0.309333056498
29514 0.310194082078
29530 0.311056149465
29546 0.311919254775
29562 0.312783394106
29578 0.313648563540
29594 0.314514759143
29610 0.315381976963
29626 0.316250213030
29642 0.317119463360
29658 0.317989723950
29674 0.318860990781
29690 0.319733259816
29706 0.320606527005
29722 0.321480788278
29738 0.322356039550
29754 0.323232276719
29770 0.324109495667
29786 0.324987692259
29802 0.325866862346
29818 0.326747001759
29834 0.327628106316
29850 0.328510171818
29866 0.329393194050
29882 0.330277168779
29898 0.331162091760
29914 0.332047958729
29930 0.332934765407
29946 0.333822507501
29962 0.334711180698
29978 0.335600780675
29994 0.336491303089
30010 0.337382743583
30026 0.338275097785
30042 0.339168361307
30058 0.340062529747
30074 0.340957598685
30090 0.341853563689
30106 0.342750420310
30122 0.343648164084
30138 0.344546790532
30154 0.345446295161
30170 0.346346673462
30186 0.347247920912
30202 0.348150032973
30218 0.349053005092
30234 0.349956832702
30250 0.350861511222
30266 0.351767036054
30282 0.352673402589
30298 0.353580606200
30314 0.354488642250
30330 0.355397506085
30346 0.356307193036
30362 0.357217698423
30378 0.358129017550
30394 0.359041145707
30410 0.359954078171
30426 0.360867810206
30442 0.361782337059
30458 0.362697653968
30474 0.363613756154
30490 0.364530638826
30506 0.365448297178
30522 0.366366726394
30538 0.367285921641
30554 0.368205878076
30570 0.369126590840
30586 0.370048055063
30602 0.370970265862
30618 0.371893218340
30634 0.372816907588
30650 0.373741328685
30666 0.374666476695
30682 0.375592346672
30698 0.376518933657
30714 0.377446232677
30730 0.378374238747
30746 0.379302946873
30762 0.380232352045
30778 0.381162449242
30794 0.382093233433
30810 0.383024699571
30826 0.383956842602
30842 0.384889657456
30858 0.385823139054
30874 0.386757282305
30890 0.387692082106
30906 0.388627533342
30922 0.389563630888
30938 0.390500369607
30954 0.391437744351
30970 0.392375749961
30986 0.393314381266
31002 0.394253633087
31018 0.395193500230
31034 0.396133977493
31050 0.397075059663
31066 0.398016741517
31082 0.398959017819
31098 0.399901883326
31114 0.400845332782
31130 0.401789360922
31146 0.402733962471
31162 0.403679132143
31178 0.404624864643
31194 0.405571154667
31210 0.406517996898
31226 0.407465386012
31242 0.408413316675
31258 0.409361783544
31274 0.410310781264
31290 0.411260304474
31306 0.412210347802
31322 0.413160905867
31338 0.414111973279
31354 0.415063544639
31370 0.416015614540
31386 0.416968177564
31402 0.417921228287
31418 0.418874761274
31434 0.419828771084
31450 0.420783252266
31466 0.421738199361
31482 0.422693606901
31498 0.423649469411
31514 0.424605781407
31530 0.425562537399
31546 0.426519731887
31562 0.427477359365
31578 0.428435414316
31594 0.429393891220
31610 0.430352784547
31626 0.431312088760
31642 0.432271798314
31658 0.433231907658
31674 0.434192411233
31690 0.435153303475
31706 0.436114578810
31722 0.437076231660
31738 0.438038256438
31754 0.439000647552
31770 0.439963399404
31786 0.440926506387
31802 0.441889962890
31818 0.442853763296
31834 0.443817901980
31850 0.444782373312
31866 0.445747171657
31882 0.446712291372
31898 0.447677726811
31914 0.448643472320
31930 0.449609522240
31946 0.450575870909
31962 0.451542512656
31978 0.452509441807
31994 0.453476652683
32010 0.454444139598
32026 0.455411896864
32042 0.456379918786
32058 0.457348199664
32074 0.458316733797
32090 0.459285515474
32106 0.460254538984
32122 0.461223798609
32138 0.462193288629
32154 0.463163003319
32170 0.464132936949
32186 0.465103083786
32202 0.466073438093
32218 0.467043994130
32234 0.468014746152
32250 0.468985688411
32266 0.469956815158
32282 0.470928120636
32298 0.471899599089
32314 0.472871244756
32330 0.473843051873
32346 0.474815014674
32362 0.475787127389
32378 0.476759384247
32394 0.477731779473
32410 0.478704307289
32426 0.479676961917
32442 0.480649737575
32458 0.481622628478
32474 0.482595628842
32490 0.483568732877
32506 0.484541934795
32522 0.485515228804
32538 0.486488609111
32554 0.487462069921
32570 0.488435605438
32586 0.489409209866
32602 0.490382877404
32618 0.491356602253
32634 0.492330378613
32650 0.493304200682
32666 0.494278062657
32682 0.495251958735
32698 0.496225883112
32714 0.497199829984
32730 0.498173793547
32746 0.499147767994
32762 0.500121747520
32778 0.501095726321
32794 0.502069698591
32810 0.503043658525
32826 0.504017600317
32842 0.504991518164
32858 0.505965406261
32874 0.506939258803
32890 0.507913069989
32906 0.508886834015
32922 0.509860545080
32938 0.510834197384
32954 0.511807785128
32970 0.512781302512
32986 0.513754743739
33002 0.514728103015
33018 0.515701374544
33034 0.516674552534
33050 0.517647631195
33066 0.518620604736
33082 0.519593467370
33098 0.520566213312
33114 0.521538836779
33130 0.522511331990
33146 0.523483693165
33162 0.524455914528
33178 0.525427990306
33194 0.526399914727
33210 0.527371682022
33226 0.528343286426
33242 0.529314722175
33258 0.530285983510
33274 0.531257064674
33290 0.532227959913
33306 0.533198663478
33322 0.534169169620
33338 0.535139472598
33354 0.536109566671
33370 0.537079446103
33386 0.538049105162
33402 0.539018538120
33418 0.539987739253
33434 0.540956702841
33450 0.541925423167
33466 0.542893894521
33482 0.543862111195
33498 0.544830067487
33514 0.545797757698
33530 0.546765176137
33546 0.547732317114
33562 0.548699174947
33578 0.549665743956
33594 0.550632018469
33610 0.551597992817
33626 0.552563661339
33642 0.553529018376
33658 0.554494058278
33674 0.555458775399
33690 0.556423164097
33706 0.557387218739
33722 0.558350933696
33738 0.559314303346
33754 0.560277322072
33770 0.561239984264
33786 0.562202284319
33802 0.563164216640
33818 0.564125775634
33834 0.565086955719
33850 0.566047751316
33866 0.567008156855
33882 0.567968166772
33898 0.568927775511
33914 0.569886977522
33930 0.570845767261
33946 0.571804139196
33962 0.572762087796
33978 0.573719607543
33994 0.574676692923
34010 0.575633338431
34026 0.576589538570
34042 0.577545287852
34058 0.578500580793
34074 0.579455411922
34090 0.580409775772
34106 0.581363666887
34122 0.582317079819
34138 0.583270009126
34154 0.584222449378
34170 0.585174395150
34186 0.586125841030
34202 0.587076781611
34218 0.588027211497
34234 0.588977125299
34250 0.589926517640
34266 0.590875383150
34282 0.591823716469
34298 0.592771512245
34314 0.593718765139
34330 0.594665469816
34346 0.595611620957
34362 0.596557213247
34378 0.597502241384
34394 0.598446700076
34410 0.599390584039
34426 0.600333888001
34442 0.601276606699
34458 0.602218734881
34474 0.603160267304
34490 0.604101198737
34506 0.605041523958
34522 0.605981237758
34538 0.606920334936
34554 0.607858810303
34570 0.608796658680
34586 0.609733874901
34602 0.610670453809
34618 0.611606390259
34634 0.612541679116
34650 0.613476315259
34666 0.614410293574
34682 0.615343608964
34698 0.616276256338
34714 0.617208230620
34730 0.618139526745
34746 0.619070139659
34762 0.620000064322
34778 0.620929295702
34794 0.621857828783
34810 0.622785658559
34826 0.623712780037
34842 0.624639188235
34858 0.625564878185
34874 0.626489844930
34890 0.627414083527
34906 0.628337589044
34922 0.629260356562
34938 0.630182381175
34954 0.631103657991
34970 0.632024182129
34986 0.632943948721
35002 0.633862952914
35018 0.634781189867
35034 0.635698654750
35050 0.636615342750
35066 0.637531249066
35082 0.638446368908
35098 0.639360697503
35114 0.640274230090
35130 0.641186961921
35146 0.642098888263
35162 0.643010004396
35178 0.643920305613
35194 0.644829787224
35210 0.645738444549
35226 0.646646272925
35242 0.647553267702
35258 0.648459424244
35274 0.649364737930
35290 0.650269204152
35306 0.651172818319
35322 0.652075575851
35338 0.652977472186
35354 0.653878502773
35370 0.654778663080
35386 0.655677948586
35402 0.656576354786
35418 0.657473877190
35434 0.658370511325
35450 0.659266252729
35466 0.660161096958
35482 0.661055039582
35498 0.661948076186
35514 0.662840202372
35530 0.663731413755
35546 0.664621705968
35562 0.665511074656
35578 0.666399515482
35594 0.667287024125
35610 0.668173596278
35626 0.669059227651
35642 0.669943913968
35658 0.670827650970
35674 0.671710434415
35690 0.672592260076
35706 0.673473123740
35722 0.674353021213
35738 0.675231948316
35754 0.676109900886
35770 0.676986874776
35786 0.677862865856
35802 0.678737870012
35818 0.679611883147
35834 0.680484901178
35850 0.681356920042
35866 0.682227935690
35882 0.683097944091
35898 0.683966941229
35914 0.684834923108
35930 0.685701885745
35946 0.686567825176
35962 0.687432737453
35978 0.688296618645
35994 0.689159464839
36010 0.690021272138
36026 0.690882036662
36042 0.691741754548
36058 0.692600421952
36074 0.693458035044
36090 0.694314590015
36106 0.695170083070
36122 0.696024510432
36138 0.696877868344
36154 0.697730153064
36170 0.698581360868
36186 0.699431488048
36202 0.700280530918
36218 0.701128485804
36234 0.701975349055
36250 0.702821117033
36266 0.703665786121
36282 0.704509352719
36298 0.705351813244
36314 0.706193164131
36330 0.707033401835
36346 0.707872522825
36362 0.708710523592
36378 0.709547400642
36394 0.710383150501
36410 0.711217769713
36426 0.712051254840
36442 0.712883602460
36458 0.713714809172
36474 0.714544871593
36490 0.715373786356
36506 0.716201550115
36522 0.717028159541
36538 0.717853611324
36554 0.718677902172
36570 0.719501028811
36586 0.720322987986
36602 0.721143776462
36618 0.721963391019
36634 0.722781828459
36650 0.723599085601
36666 0.724415159283
36682 0.725230046361
36698 0.726043743712
36714 0.726856248228
36730 0.727667556824
36746 0.728477666429
36762 0.729286573996
36778 0.730094276493
36794 0.730900770909
36810 0.731706054250
36826 0.732510123542
36842 0.733312975831
36858 0.734114608180
36874 0.734915017672
36890 0.735714201409
36906 0.736512156512
36922 0.737308880120
36938 0.738104369394
36954 0.738898621511
36970 0.739691633669
36986 0.740483403084
37002 0.741273926991
37018 0.742063202646
37034 0.742851227322
37050 0.743637998313
37066 0.744423512931
37082 0.745207768507
37098 0.745990762394
37114 0.746772491961
37130 0.747552954597
37146 0.748332147713
37162 0.749110068735
37178 0.749886715112
37194 0.750662084310
37210 0.751436173816
37226 0.752208981135
37242 0.752980503794
37258 0.753750739335
37274 0.754519685324
37290 0.755287339344
37306 0.756053698997
37322 0.756818761906
37338 0.757582525713
37354 0.758344988079
37370 0.759106146684
37386 0.759865999230
37402 0.760624543435
37418 0.761381777039
37434 0.762137697802
37450 0.762892303500
37466 0.763645591932
37482 0.764397560916
37498 0.765148208288
37514 0.765897531904
37530 0.766645529641
37546 0.767392199395
37562 0.768137539080
37578 0.768881546630
37594 0.769624220001
37610 0.770365557167
37626 0.771105556119
37642 0.771844214871
37658 0.772581531457
37674 0.773317503926
37690 0.774052130353
37706 0.774785408826
37722 0.775517337458
37738 0.776247914377
37754 0.776977137735
37770 0.777705005701
37786 0.778431516463
37802 0.779156668229
37818 0.779880459228
37834 0.780602887708
37850 0.781323951935
37866 0.782043650195
37882 0.782761980796
37898 0.783478942061
37914 0.784194532338
37930 0.784908749989
37946 0.785621593399
37962 0.786333060972
37978 0.787043151131
37994 0.787751862318
38010 0.788459192994
38026 0.789165141642
38042 0.789869706762
38058 0.790572886874
38074 0.791274680517
38090 0.791975086252
38106 0.792674102655
38122 0.793371728325
38138 0.794067961879
38154 0.794762801953
38170 0.795456247203
38186 0.796148296304
38202 0.796838947951
38218 0.797528200856
38234 0.798216053753
38250 0.798902505393
38266 0.799587554549
38282 0.800271200011
38298 0.800953440588
38314 0.801634275109
38330 0.802313702423
38346 0.802991721397
38362 0.803668330917
38378 0.804343529888
38394 0.805017317235
38410 0.805689691902
38426 0.806360652851
38442 0.807030199064
38458 0.807698329541
38474 0.808365043303
38490 0.809030339387
38506 0.809694216851
38522 0.810356674771
38538 0.811017712243
38554 0.811677328381
38570 0.812335522318
38586 0.812992293205
38602 0.813647640214
38618 0.814301562532
38634 0.814954059369
38650 0.815605129951
38666 0.816254773523
38682 0.816902989350
38698 0.817549776714
38714 0.818195134916
38730 0.818839063276
38746 0.819481561133
38762 0.820122627842
38778 0.820762262781
38794 0.821400465342
38810 0.822037234937
38826 0.822672570997
38842 0.823306472972
38858 0.823938940327
38874 0.824569972549
38890 0.825199569142
38906 0.825827729627
38922 0.826454453545
38938 0.827079740453
38954 0.827703589930
38970 0.828326001568
38986 0.828946974980
39002 0.829566509798
39018 0.830184605670
39034 0.830801262262
39050 0.831416479259
39066 0.832030256363
39082 0.832642593295
39098 0.833253489792
39114 0.833862945610
39130 0.834470960523
39146 0.835077534322
39162 0.835682666815
39178 0.836286357830
39194 0.836888607210
39210 0.837489414816
39226 0.838088780528
39242 0.838686704243
39258 0.839283185874
39274 0.839878225353
39290 0.840471822628
39306 0.841063977665
39322 0.841654690448
39338 0.842243960977
39354 0.842831789269
39370 0.843418175359
39386 0.844003119299
39402 0.844586621159
39418 0.845168681023
39434 0.845749298994
39450 0.846328475193
39466 0.846906209755
39482 0.847482502835
39498 0.848057354602
39514 0.848630765244
39530 0.849202734964
39546 0.849773263982
39562 0.850342352535
39578 0.850910000877
39594 0.851476209277
39610 0.852040978022
39626 0.852604307414
39642 0.853166197774
39658 0.853726649435
39674 0.854285662751
39690 0.854843238088
39706 0.855399375832
39722 0.855954076382
39738 0.856507340155
39754 0.857059167583
39770 0.857609559114
39786 0.858158515213
39802 0.858706036359
39818 0.859252123050
39834 0.859796775795
39850 0.860339995124
39866 0.860881781580
39882 0.861422135720
39898 0.861961058119
39914 0.862498549368
39930 0.863034610071
39946 0.863569240850
39962 0.864102442340
39978 0.864634215193
39994 0.865164560075
40010 0.865693477670
40026 0.866220968673
40042 0.866747033796
40058 0.867271673768
40074 0.867794889331
40090 0.868316681240
40106 0.868837050270
40122 0.869355997205
40138 0.869873522849
40154 0.870389628018
40170 0.870904313542
40186 0.871417580267
40202 0.871929429054
40218 0.872439860777
40234 0.872948876326
40250 0.873456476603
40266 0.873962662528
40282 0.874467435032
40298 0.874970795062
40314 0.875472743577
40330 0.875973281554
40346 0.876472409980
40362 0.876970129858
40378 0.877466442206
40394 0.877961348053
40410 0.878454848445
40426 0.878946944438
40442 0.879437637105
40458 0.879926927532
40474 0.880414816818
40490 0.880901306075
40506 0.881386396429
40522 0.881870089020
40538 0.882352385001
40554 0.882833285537
40570 0.883312791809
40586 0.883790905009
40602 0.884267626342
40618 0.884742957028
40634 0.885216898297
40650 0.885689451396
40666 0.886160617581
40682 0.886630398122
40698 0.887098794304
40714 0.887565807421
40730 0.888031438782
40746 0.888495689708
40762 0.888958561534
40778 0.889420055604
40794 0.889880173277
40810 0.890338915924
40826 0.890796284929
40842 0.891252281685
40858 0.891706907602
40874 0.892160164097
40890 0.892612052603
40906 0.893062574563
40922 0.893511731432
40938 0.893959524678
40954 0.894405955779
40970 0.894851026227
40986 0.895294737523
41002 0.895737091182
41018 0.896178088728
41034 0.896617731700
41050 0.897056021644
41066 0.897492960122
41082 0.897928548703
41098 0.898362788970
41114 0.898795682516
41130 0.899227230946
41146 0.899657435874
41162 0.900086298928
41178 0.900513821745
41194 0.900940005972
41210 0.901364853269
41226 0.901788365306
41242 0.902210543761
41258 0.902631390327
41274 0.903050906704
41290 0.903469094605
41306 0.903885955752
41322 0.904301491876
41338 0.904715704721
41354 0.905128596040
41370 0.905540167596
41386 0.905950421161
41402 0.906359358520
41418 0.906766981466
41434 0.907173291801
41450 0.907578291337
41466 0.907981981899
41482 0.908384365318
41498 0.908785443435
41514 0.909185218103
41530 0.909583691183
41546 0.909980864543
41562 0.910376740066
41578 0.910771319639
41594 0.911164605160
41610 0.911556598538
41626 0.911947301689
41642 0.912336716538
41658 0.912724845020
41674 0.913111689078
41690 0.913497250666
41706 0.913881531743
41722 0.914264534281
41738 0.914646260257
41754 0.915026711659
41770 0.915405890482
41786 0.915783798731
41802 0.916160438417
41818 0.916535811563
41834 0.916909920197
41850 0.917282766357
41866 0.917654352087
41882 0.918024679443
41898 0.918393750485
41914 0.918761567282
41930 0.919128131914
41946 0.919493446464
41962 0.919857513026
41978 0.920220333700
41994 0.920581910596
42010 0.920942245829
42026 0.921301341523
42042 0.921659199808
42058 0.922015822823
42074 0.922371212714
42090 0.922725371634
42106 0.923078301742
42122 0.923430005206
42138 0.923780484200
42154 0.924129740905
42170 0.924477777511
42186 0.924824596211
42202 0.925170199208
42218 0.925514588710
42234 0.925857766934
42250 0.926199736100
42266 0.926540498437
42282 0.926880056181
42298 0.927218411572
42314 0.927555566860
42330 0.927891524297
42346 0.928226286144
42362 0.928559854669
42378 0.928892232142
42394 0.929223420845
42410 0.929553423060
42426 0.929882241079
42442 0.930209877198
42458 0.930536333720
42474 0.930861612952
42490 0.931185717210
42506 0.931508648811
42522 0.931830410081
42538 0.932151003351
42554 0.932470430956
42570 0.932788695238
42586 0.933105798543
42602 0.933421743224
42618 0.933736531637
42634 0.934050166144
42650 0.934362649113
42666 0.934673982916
42682 0.934984169930
42698 0.935293212538
42714 0.935601113126
42730 0.935907874086
42746 0.936213497814
42762 0.936517986712
42778 0.936821343185
42794 0.937123569644
42810 0.937424668502
42826 0.937724642180
42842 0.938023493100
42858 0.938321223691
42874 0.938617836383
42890 0.938913333614
42906 0.939207717824
42922 0.939500991456
42938 0.939793156959
42954 0.940084216785
42970 0.940374173390
42986 0.940663029235
43002 0.940950786782
43018 0.941237448499
43034 0.941523016858
43050 0.941807494332
43066 0.942090883399
43082 0.942373186542
43098 0.942654406246
43114 0.942934544998
43130 0.943213605290
43146 0.943491589617
43162 0.943768500477
43178 0.944044340372
43194 0.944319111805
43210 0.944592817284
43226 0.944865459319
43242 0.945137040423
43258 0.945407563113
43274 0.945677029906
43290 0.945945443324
43306 0.946212805891
43322 0.946479120135
43338 0.946744388585
43354 0.947008613771
43370 0.947271798230
43386 0.947533944497
43402 0.947795055111
43418 0.948055132614
43434 0.948314179549
43450 0.948572198462
43466 0.948829191901
43482 0.949085162416
43498 0.949340112559
43514 0.949594044884
43530 0.949846961946
43546 0.950098866303
43562 0.950349760516
43578 0.950599647145
43594 0.950848528752
43610 0.951096407904
43626 0.951343287165
43642 0.951589169104
43658 0.951834056290
43674 0.952077951294
43690 0.952320856688
43706 0.952562775044
43722 0.952803708939
43738 0.953043660947
43754 0.953282633647
43770 0.953520629615
43786 0.953757651432
43802 0.953993701678
43818 0.954228782934
43834 0.954462897783
43850 0.954696048808
43866 0.954928238592
43882 0.955159469720
43898 0.955389744779
43914 0.955619066353
43930 0.955847437031
43946 0.956074859399
43962 0.956301336045
43978 0.956526869559
43994 0.956751462527
44010 0.956975117541
44026 0.957197837189
44042 0.957419624062
44058 0.957640480749
44074 0.957860409842
44090 0.958079413929
44106 0.958297495603
44122 0.958514657454
44138 0.958730902072
44154 0.958946232048
44170 0.959160649973
44186 0.959374158438
44202 0.959586760032
44218 0.959798457345
44234 0.960009252968
44250 0.960219149490
44266 0.960428149500
44282 0.960636255587
44298 0.960843470339
44314 0.961049796344
44330 0.961255236190
44346 0.961459792463
44362 0.961663467749
44378 0.961866264634
44394 0.962068185703
44410 0.962269233539
44426 0.962469410726
44442 0.962668719847
44458 0.962867163482
44474 0.963064744213
44490 0.963261464619
44506 0.963457327279
44522 0.963652334770
44538 0.963846489669
44554 0.964039794552
44570 0.964232251992
44586 0.964423864563
44602 0.964614634837
44618 0.964804565384
44634 0.964993658773
44650 0.965181917572
44666 0.965369344347
44682 0.965555941664
44698 0.965741712087
44714 0.965926658176
44730 0.966110782492
44746 0.966294087595
44762 0.966476576041
44778 0.966658250386
44794 0.966839113183
44810 0.967019166986
44826 0.967198414342
44842 0.967376857803
44858 0.967554499913
44874 0.967731343217
44890 0.967907390258
44906 0.968082643577
44922 0.968257105712
44938 0.968430779201
44954 0.968603666577
44970 0.968775770373
44986 0.968947093119
45002 0.969117637344
45018 0.969287405573
45034 0.969456400329
45050 0.969624624135
45066 0.969792079509
45082 0.969958768967
45098 0.970124695024
45114 0.970289860192
45130 0.970454266979
45146 0.970617917893
45162 0.970780815438
45178 0.970942962115
45194 0.971104360424
45210 0.971265012861
45226 0.971424921919
45242 0.971584090091
45258 0.971742519863
45274 0.971900213723
45290 0.972057174152
45306 0.972213403630
45322 0.972368904635
45338 0.972523679641
45354 0.972677731119
45370 0.972831061538
45386 0.972983673363
45402 0.973135569055
45418 0.973286751076
45434 0.973437221880
45450 0.973586983922
45466 0.973736039650
45482 0.973884391512
45498 0.974032041953
45514 0.974178993411
45530 0.974325248325
45546 0.974470809128
45562 0.974615678251
45578 0.974759858122
45594 0.974903351164
45610 0.975046159798
45626 0.975188286442
45642 0.975329733509
45658 0.975470503409
45674 0.975610598549
45690 0.975750021334
45706 0.975888774161
45722 0.976026859428
45738 0.976164279528
45754 0.976301036849
45770 0.976437133777
45786 0.976572572693
45802 0.976707355975
45818 0.976841485999
45834 0.976974965133
45850 0.977107795746
45866 0.977239980200
45882 0.977371520855
45898 0.977502420065
45914 0.977632680183
45930 0.977762303555
45946 0.977891292526
45962 0.978019649436
45978 0.978147376620
45994 0.978274476411
46010 0.978400951135
46026 0.978526803118
46042 0.978652034679
46058 0.978776648133
46074 0.978900645792
46090 0.979024029965
46106 0.979146802954
46122 0.979268967059
46138 0.979390524575
46154 0.979511477792
46170 0.979631828999
46186 0.979751580477
46202 0.979870734505
46218 0.979989293356
46234 0.980107259301
46250 0.980224634605
46266 0.980341421529
46282 0.980457622330
46298 0.980573239260
46314 0.980688274568
46330 0.980802730497
46346 0.980916609287
46362 0.981029913172
46378 0.981142644383
46394 0.981254805145
46410 0.981366397681
46426 0.981477424207
46442 0.981587886936
46458 0.981697788075
46474 0.981807129828
46490 0.981915914394
46506 0.982024143967
46522 0.982131820736
46538 0.982238946887
46554 0.982345524600
46570 0.982451556051
46586 0.982557043411
46602 0.982661988846
46618 0.982766394518
46634 0.982870262584
46650 0.982973595197
46666 0.983076394504
46682 0.983178662647
46698 0.983280401766
46714 0.983381613993
46730 0.983482301457
46746 0.983582466281
46762 0.983682110585
46778 0.983781236483
46794 0.983879846084
46810 0.983977941492
46826 0.984075524807
46842 0.984172598124
46858 0.984269163532
46874 0.984365223117
46890 0.984460778958
46906 0.984555833131
46922 0.984650387705
46938 0.984744444747
46954 0.984838006316
46970 0.984931074467
46986 0.985023651251
47002 0.985115738713
47018 0.985207338895
47034 0.985298453830
47050 0.985389085549
47066 0.985479236078
47082 0.985568907437
47098 0.985658101641
47114 0.985746820701
47130 0.985835066621
47146 0.985922841402
47162 0.986010147038
47178 0.986096985520
47194 0.986183358833
47210 0.986269268955
47226 0.986354717862
47242 0.986439707524
47258 0.986524239904
47274 0.986608316961
47290 0.986691940651
47306 0.986775112921
47322 0.986857835716
47338 0.986940110975
47354 0.987021940630
47370 0.987103326610
47386 0.987184270838
47402 0.987264775232
47418 0.987344841706
47434 0.987424472165
47450 0.987503668513
47466 0.987582432647
47482 0.987660766458
47498 0.987738671834
47514 0.987816150655
47530 0.987893204799
47546 0.987969836136
47562 0.988046046531
47578 0.988121837846
47594 0.988197211935
47610 0.988272170649
47626 0.988346715832
47642 0.988420849324
47658 0.988494572958
47674 0.988567888565
47690 0.988640797968
47706 0.988713302984
47722 0.988785405428
47738 0.988857107106
47754 0.988928409822
47770 0.988999315373
47786 0.989069825551
47802 0.989139942143
47818 0.989209666929
47834 0.989279001686
47850 0.989347948186
47866 0.989416508192
47882 0.989484683466
47898 0.989552475763
47914 0.989619886831
47930 0.989686918416
47946 0.989753572256
47962 0.989819850085
47978 0.989885753632
47994 0.989951284619
48010 0.990016444763
48026 0.990081235779
48042 0.990145659372
48058 0.990209717244
48074 0.990273411092
48090 0.990336742608
48106 0.990399713476
48122 0.990462325378
48138 0.990524579988
48154 0.990586478977
48170 0.990648024009
48186 0.990709216744
48202 0.990770058835
48218 0.990830551931
48234 0.990890697676
48250 0.990950497707
48266 0.991009953658
48282 0.991069067155
48298 0.991127839822
48314 0.991186273274
48330 0.991244369123
48346 0.991302128976
48362 0.991359554433
48378 0.991416647091
48394 0.991473408539
48410 0.991529840362
48426 0.991585944141
48442 0.991641721450
48458 0.991697173857
48474 0.991752302928
48490 0.991807110221
48506 0.991861597288
48522 0.991915765679
48538 0.991969616936
48554 0.992023152596
48570 0.992076374193
48586 0.992129283252
48602 0.992181881296
48618 0.992234169842
48634 0.992286150401
48650 0.992337824478
48666 0.992389193575
48682 0.992440259187
48698 0.992491022806
48714 0.992541485915
48730 0.992591649995
48746 0.992641516520
48762 0.992691086960
48778 0.992740362780
48794 0.992789345439
48810 0.992838036389
48826 0.992886437081
48842 0.992934548958
48858 0.992982373457
48874 0.993029912013
48890 0.993077166053
48906 0.993124137000
48922 0.993170826272
48938 0.993217235281
48954 0.993263365435
48970 0.993309218135
48986 0.993354794780
49002 0.993400096760
49018 0.993445125464
49034 0.993489882271
49050 0.993534368560
49066 0.993578585702
49082 0.993622535063
49098 0.993666218004
49114 0.993709635882
49130 0.993752790047
49146 0.993795681847
49162 0.993838312621
49178 0.993880683706
49194 0.993922796433
49210 0.993964652128
49226 0.994006252111
49242 0.994047597698
49258 0.994088690201
49274 0.994129530924
49290 0.994170121169
49306 0.994210462230
49322 0.994250555400
49338 0.994290401964
49354 0.994330003202
49370 0.994369360391
49386 0.994408474801
49402 0.994447347698
49418 0.994485980343
49434 0.994524373993
49450 0.994562529897
49466 0.994600449303
49482 0.994638133452
49498 0.994675583579
49514 0.994712800918
49530 0.994749786693
49546 0.994786542126
49562 0.994823068436
49578 0.994859366833
49594 0.994895438524
49610 0.994931284712
49626 0.994966906594
49642 0.995002305364
49658 0.995037482207
49674 0.995072438309
49690 0.995107174846
49706 0.995141692992
49722 0.995175993916
49738 0.995210078781
49754 0.995243948747
49770 0.995277604968
49786 0.995311048593
49802 0.995344280767
49818 0.995377302630
49834 0.995410115319
49850 0.995442719962
49866 0.995475117687
49882 0.995507309615
49898 0.995539296861
49914 0.995571080539
49930 0.995602661756
49946 0.995634041613
49962 0.995665221210
49978 0.995696201639
49994 0.995726983989
50010 0.995757569345
50026 0.995787958785
50042 0.995818153386
50058 0.995848154216
50074 0.995877962343
50090 0.995907578827
50106 0.995937004725
50122 0.995966241090
50138 0.995995288968
50154 0.996024149403
50170 0.996052823435
50186 0.996081312095
50202 0.996109616416
50218 0.996137737421
50234 0.996165676132
50250 0.996193433564
50266 0.996221010729
50282 0.996248408636
50298 0.996275628287
50314 0.996302670680
50330 0.996329536810
50346 0.996356227666
50362 0.996382744235
50378 0.996409087496
50394 0.996435258427
50410 0.996461258000
50426 0.996487087183
50442 0.996512746940
50458 0.996538238230
50474 0.996563562009
50490 0.996588719226
50506 0.996613710830
50522 0.996638537761
50538 0.996663200959
50554 0.996687701356
50570 0.996712039883
50586 0.996736217464
50602 0.996760235021
50618 0.996784093471
50634 0.996807793727
50650 0.996831336697
50666 0.996854723285
50682 0.996877954393
50698 0.996901030915
50714 0.996923953745
50730 0.996946723769
50746 0.996969341872
50762 0.996991808933
50778 0.997014125829
50794 0.997036293430
50810 0.997058312604
50826 0.997080184215
50842 0.997101909121
50858 0.997123488179
50874 0.997144922240
50890 0.997166212151
50906 0.997187358755
50922 0.997208362893
50938 0.997229225398
50954 0.997249947104
50970 0.997270528837
50986 0.997290971422
51002 0.997311275677
51018 0.997331442419
51034 0.997351472460
51050 0.997371366608
51066 0.997391125666
51082 0.997410750436
51098 0.997430241713
51114 0.997449600291
51130 0.997468826958
51146 0.997487922499
51162 0.997506887696
51178 0.997525723326
51194 0.997544430162
51210 0.997563008975
51226 0.997581460531
51242 0.997599785592
51258 0.997617984917
51274 0.997636059260
51290 0.997654009374
51306 0.997671836006
51322 0.997689539899
51338 0.997707121794
51354 0.997724582428
51370 0.997741922534
51386 0.997759142840
51402 0.997776244073
51418 0.997793226955
51434 0.997810092204
51450 0.997826840536
51466 0.997843472661
51482 0.997859989287
51498 0.997876391120
51514 0.997892678859
51530 0.997908853202
51546 0.997924914842
51562 0.997940864471
51578 0.997956702773
51594 0.997972430434
51610 0.997988048132
51626 0.998003556545
51642 0.998018956344
51658 0.998034248200
51674 0.998049432778
51690 0.998064510742
51706 0.998079482751
51722 0.998094349460
51738 0.998109111522
51754 0.998123769587
51770 0.998138324300
51786 0.998152776304
51802 0.998167126238
51818 0.998181374739
51834 0.998195522438
51850 0.998209569966
51866 0.998223517947
51882 0.998237367006
51898 0.998251117762
51914 0.998264770831
51930 0.998278326827
51946 0.998291786358
51962 0.998305150033
51978 0.998318418455
51994 0.998331592224
52010 0.998344671937
52026 0.998357658189
52042 0.998370551570
52058 0.998383352669
52074 0.998396062069
52090 0.998408680354
52106 0.998421208101
52122 0.998433645885
52138 0.998445994280
52154 0.998458253855
52170 0.998470425175
52186 0.998482508805
52202 0.998494505304
52218 0.998506415230
52234 0.998518239137
52250 0.998529977576
52266 0.998541631096
52282 0.998553200242
52298 0.998564685557
52314 0.998576087579
52330 0.998587406847
52346 0.998598643892
52362 0.998609799246
52378 0.998620873437
52394 0.998631866990
52410 0.998642780427
52426 0.998653614267
52442 0.998664369027
52458 0.998675045220
52474 0.998685643357
52490 0.998696163947
52506 0.998706607493
52522 0.998716974499
52538 0.998727265464
52554 0.998737480886
52570 0.998747621257
52586 0.998757687070
52602 0.998767678814
52618 0.998777596973
52634 0.998787442032
52650 0.998797214471
52666 0.998806914767
52682 0.998816543397
52698 0.998826100831
52714 0.998835587542
52730 0.998845003994
52746 0.998854350654
52762 0.998863627983
52778 0.998872836441
52794 0.998881976484
52810 0.998891048566
52826 0.998900053140
52842 0.998908990654
52858 0.998917861555
52874 0.998926666287
52890 0.998935405291
52906 0.998944079006
52922 0.998952687869
52938 0.998961232313
52954 0.998969712771
52970 0.998978129671
52986 0.998986483440
53002 0.998994774502
53018 0.999003003278
53034 0.999011170187
53050 0.999019275648
53066 0.999027320073
53082 0.999035303875
53098 0.999043227464
53114 0.999051091246
53130 0.999058895628
53146 0.999066641010
53162 0.999074327795
53178 0.999081956378
53194 0.999089527156
53210 0.999097040523
53226 0.999104496868
53242 0.999111896581
53258 0.999119240048
53274 0.999126527654
53290 0.999133759779
53306 0.999140936804
53322 0.999148059105
53338 0.999155127059
53354 0.999162141038
53370 0.999169101412
53386 0.999176008550
53402 0.999182862819
53418 0.999189664583
53434 0.999196414203
53450 0.999203112039
53466 0.999209758450
53482 0.999216353790
53498 0.999222898413
53514 0.999229392670
53530 0.999235836911
53546 0.999242231482
53562 0.999248576729
53578 0.999254872995
53594 0.999261120620
53610 0.999267319943
53626 0.999273471301
53642 0.999279575029
53658 0.999285631459
53674 0.999291640922
53690 0.999297603747
53706 0.999303520261
53722 0.999309390787
53738 0.999315215650
53754 0.999320995169
53770 0.999326729664
53786 0.999332419451
53802 0.999338064845
53818 0.999343666159
53834 0.999349223704
53850 0.999354737790
53866 0.999360208724
53882 0.999365636810
53898 0.999371022353
53914 0.999376365653
53930 0.999381667012
53946 0.999386926726
53962 0.999392145091
53978 0.999397322403
53994 0.999402458953
54010 0.999407555031
54026 0.999412610927
54042 0.999417626927
54058 0.999422603317
54074 0.999427540380
54090 0.999432438398
54106 0.999437297649
54122 0.999442118414
54138 0.999446900967
54154 0.999451645583
54170 0.999456352536
54186 0.999461022096
54202 0.999465654533
54218 0.999470250114
54234 0.999474809106
54250 0.999479331774
54266 0.999483818378
54282 0.999488269182
54298 0.999492684444
54314 0.999497064421
54330 0.999501409370
54346 0.999505719546
54362 0.999509995200
54378 0.999514236585
54394 0.999518443950
54410 0.999522617543
54426 0.999526757610
54442 0.999530864396
54458 0.999534938144
54474 0.999538979097
54490 0.999542987494
54506 0.999546963573
54522 0.999550907573
54538 0.999554819728
54554 0.999558700272
54570 0.999562549438
54586 0.999566367457
54602 0.999570154558
54618 0.999573910969
54634 0.999577636917
54650 0.999581332627
54666 0.999584998322
54682 0.999588634225
54698 0.999592240555
54714 0.999595817533
54730 0.999599365376
54746 0.999602884300
54762 0.999606374520
54778 0.999609836250
54794 0.999613269702
54810 0.999616675087
54826 0.999620052613
54842 0.999623402489
54858 0.999626724921
54874 0.999630020115
54890 0.999633288275
54906 0.999636529602
54922 0.999639744298
54938 0.999642932563
54954 0.999646094595
54970 0.999649230592
54986 0.999652340749
55002 0.999655425260
55018 0.999658484320
55034 0.999661518119
55050 0.999664526850
55066 0.999667510700
55082 0.999670469858
55098 0.999673404511
55114 0.999676314844
55130 0.999679201042
55146 0.999682063288
55162 0.999684901764
55178 0.999687716650
55194 0.999690508126
55210 0.999693276370
55226 0.999696021559
55242 0.999698743869
55258 0.999701443474
55274 0.999704120548
55290 0.999706775263
55306 0.999709407789
55322 0.999712018298
55338 0.999714606958
55354 0.999717173935
55370 0.999719719397
55386 0.999722243509
55402 0.999724746436
55418 0.999727228339
55434 0.999729689381
55450 0.999732129723
55466 0.999734549525
55482 0.999736948945
55498 0.999739328140
55514 0.999741687267
55530 0.999744026482
55546 0.999746345938
55562 0.999748645789
55578 0.999750926187
55594 0.999753187283
55610 0.999755429226
55626 0.999757652167
55642 0.999759856253
55658 0.999762041630
55674 0.999764208445
55690 0.999766356842
55706 0.999768486966
55722 0.999770598959
55738 0.999772692963
55754 0.999774769119
55770 0.999776827567
55786 0.999778868445
55802 0.999780891892
55818 0.999782898045
55834 0.999784887038
55850 0.999786859009
55866 0.999788814089
55882 0.999790752413
55898 0.999792674113
55914 0.999794579320
55930 0.999796468164
55946 0.999798340775
55962 0.999800197281
55978 0.999802037809
55994 0.999803862487
56010 0.999805671439
56026 0.999807464792
56042 0.999809242668
56058 0.999811005191
56074 0.999812752482
56090 0.999814484665
56106 0.999816201857
56122 0.999817904180
56138 0.999819591752
56154 0.999821264691
56170 0.999822923113
56186 0.999824567136
56202 0.999826196873
56218 0.999827812441
56234 0.999829413951
56250 0.999831001518
56266 0.999832575254
56282 0.999834135269
56298 0.999835681673
56314 0.999837214578
56330 0.999838734090
56346 0.999840240319
56362 0.999841733372
56378 0.999843213354
56394 0.999844680372
56410 0.999846134531
56426 0.999847575934
56442 0.999849004685
56458 0.999850420887
56474 0.999851824642
56490 0.999853216050
56506 0.999854595212
56522 0.999855962228
56538 0.999857317196
56554 0.999858660215
56570 0.999859991383
56586 0.999861310795
56602 0.999862618548
56618 0.999863914737
56634 0.999865199457
56650 0.999866472802
56666 0.999867734864
56682 0.999868985737
56698 0.999870225512
56714 0.999871454280
56730 0.999872672133
56746 0.999873879158
56762 0.999875075447
56778 0.999876261087
56794 0.999877436165
56810 0.999878600770
56826 0.999879754987
56842 0.999880898902
56858 0.999882032601
56874 0.999883156169
56890 0.999884269688
56906 0.999885373242
56922 0.999886466915
56938 0.999887550787
56954 0.999888624941
56970 0.999889689457
56986 0.999890744415
57002 0.999891789896
57018 0.999892825977
57034 0.999893852738
57050 0.999894870255
57066 0.999895878607
57082 0.999896877870
57098 0.999897868120
57114 0.999898849432
57130 0.999899821881
57146 0.999900785542
57162 0.999901740489
57178 0.999902686793
57194 0.999903624529
57210 0.999904553768
57226 0.999905474581
57242 0.999906387040
57258 0.999907291215
57274 0.999908187176
57290 0.999909074992
57306 0.999909954732
57322 0.999910826465
57338 0.999911690257
57354 0.999912546176
57370 0.999913394290
57386 0.999914234663
57402 0.999915067362
57418 0.999915892452
57434 0.999916709998
57450 0.999917520064
57466 0.999918322712
57482 0.999919118008
57498 0.999919906012
57514 0.999920686788
57530 0.999921460397
57546 0.999922226901
57562 0.999922986359
57578 0.999923738833
57594 0.999924484382
57610 0.999925223066
57626 0.999925954942
57642 0.999926680071
57658 0.999927398509
57674 0.999928110314
57690 0.999928815543
57706 0.999929514254
57722 0.999930206501
57738 0.999930892340
57754 0.999931571828
57770 0.999932245018
57786 0.999932911965
57802 0.999933572723
57818 0.999934227346
57834 0.999934875886
57850 0.999935518397
57866 0.999936154930
57882 0.999936785538
57898 0.999937410271
57914 0.999938029182
57930 0.999938642320
57946 0.999939249736
57962 0.999939851479
57978 0.999940447599
57994 0.999941038146
58010 0.999941623167
58026 0.999942202711
58042 0.999942776825
58058 0.999943345558
58074 0.999943908956
58090 0.999944467066
58106 0.999945019935
58122 0.999945567608
58138 0.999946110131
58154 0.999946647548
58170 0.999947179906
58186 0.999947707249
58202 0.999948229620
58218 0.999948747063
58234 0.999949259622
58250 0.999949767341
58266 0.999950270261
58282 0.999950768424
58298 0.999951261874
58314 0.999951750652
58330 0.999952234799
58346 0.999952714356
58362 0.999953189364
58378 0.999953659862
58394 0.999954125893
58410 0.999954587493
58426 0.999955044705
58442 0.999955497565
58458 0.999955946114
58474 0.999956390389
58490 0.999956830428
58506 0.999957266270
58522 0.999957697951
58538 0.999958125510
58554 0.999958548982
58570 0.999958968404
58586 0.999959383814
58602 0.999959795245
58618 0.999960202735
58634 0.999960606319
58650 0.999961006031
58666 0.999961401906
58682 0.999961793979
58698 0.999962182285
58714 0.999962566856
58730 0.999962947727
58746 0.999963324931
58762 0.999963698502
58778 0.999964068471
58794 0.999964434871
58810 0.999964797735
58826 0.999965157095
58842 0.999965512982
58858 0.999965865428
58874 0.999966214464
58890 0.999966560121
58906 0.999966902430
58922 0.999967241421
58938 0.999967577124
58954 0.999967909569
58970 0.999968238786
58982 1.0
