16384.000
3277 0.000031843218
3285 0.000032173239
3293 0.000032506495
3301 0.000032843017
3309 0.000033182835
3317 0.000033525978
3325 0.000033872477
3333 0.000034222362
3341 0.000034575666
3349 0.000034932418
3357 0.000035292651
3365 0.000035656396
3373 0.000036023686
3381 0.000036394552
3389 0.000036769028
3397 0.000037147145
3405 0.000037528938
3413 0.000037914440
3421 0.000038303684
3429 0.000038696705
3437 0.000039093536
3445 0.000039494213
3453 0.000039898770
3461 0.000040307242
3469 0.000040719664
3477 0.000041136074
3485 0.000041556505
3493 0.000041980995
3501 0.000042409581
3509 0.000042842299
3517 0.000043279187
3525 0.000043720282
3533 0.000044165621
3541 0.000044615244
3549 0.000045069189
3557 0.000045527494
3565 0.000045990198
3573 0.000046457342
3581 0.000046928964
3589 0.000047405105
3597 0.000047885806
3605 0.000048371107
3613 0.000048861048
3621 0.000049355673
3629 0.000049855022
3637 0.000050359137
3645 0.000050868062
3653 0.000051381838
3661 0.000051900509
3669 0.000052424119
3677 0.000052952711
3685 0.000053486330
3693 0.000054025020
3701 0.000054568826
3709 0.000055117793
3717 0.000055671968
3725 0.000056231396
3733 0.000056796123
3741 0.000057366197
3749 0.000057941664
3757 0.000058522573
3765 0.000059108971
3773 0.000059700906
3781 0.000060298428
3789 0.000060901584
3797 0.000061510426
3805 0.000062125003
3813 0.000062745364
3821 0.000063371561
3829 0.000064003646
3837 0.000064641668
3845 0.000065285682
3853 0.000065935738
3861 0.000066591889
3869 0.000067254190
3877 0.000067922692
3885 0.000068597452
3893 0.000069278522
3901 0.000069965958
3909 0.000070659816
3917 0.000071360151
3925 0.000072067019
3933 0.000072780477
3941 0.000073500582
3949 0.000074227392
3957 0.000074960965
3965 0.000075701359
3973 0.000076448634
3981 0.000077202848
3989 0.000077964062
3997 0.000078732336
4005 0.000079507731
4013 0.000080290309
4021 0.000081080130
4029 0.000081877258
4037 0.000082681755
4045 0.000083493685
4053 0.000084313110
4061 0.000085140097
4069 0.000085974708
4077 0.000086817010
4085 0.000087667069
4093 0.000088524950
4101 0.000089390721
4109 0.000090264449
4117 0.000091146202
4125 0.000092036048
4133 0.000092934055
4141 0.000093840295
4149 0.000094754836
4157 0.000095677749
4165 0.000096609105
4173 0.000097548977
4181 0.000098497435
4189 0.000099454553
4197 0.000100420404
4205 0.000101395062
4213 0.000102378602
4221 0.000103371098
4229 0.000104372626
4237 0.000105383262
4245 0.000106403083
4253 0.000107432166
4261 0.000108470590
4269 0.000109518433
4277 0.000110575773
4285 0.000111642691
4293 0.000112719267
4301 0.000113805581
4309 0.000114901717
4317 0.000116007755
4325 0.000117123778
4333 0.000118249870
4341 0.000119386115
4349 0.000120532598
4357 0.000121689404
4365 0.000122856619
4373 0.000124034330
4381 0.000125222623
4389 0.000126421588
4397 0.000127631312
4405 0.000128851885
4413 0.000130083396
4421 0.000131325937
4429 0.000132579599
4437 0.000133844473
4445 0.000135120653
4453 0.000136408231
4461 0.000137707303
4469 0.000139017961
4477 0.000140340303
4485 0.000141674424
4493 0.000143020422
4501 0.000144378393
4509 0.000145748436
4517 0.000147130650
4525 0.000148525135
4533 0.000149931992
4541 0.000151351322
4549 0.000152783227
4557 0.000154227809
4565 0.000155685173
4573 0.000157155422
4581 0.000158638662
4589 0.000160134999
4597 0.000161644538
4605 0.000163167389
4613 0.000164703658
4621 0.000166253455
4629 0.000167816889
4637 0.000169394072
4645 0.000170985115
4653 0.000172590129
4661 0.000174209228
4669 0.000175842526
4677 0.000177490138
4685 0.000179152179
4693 0.000180828764
4701 0.000182520013
4709 0.000184226042
4717 0.000185946971
4725 0.000187682919
4733 0.000189434007
4741 0.000191200357
4749 0.000192982091
4757 0.000194779331
4765 0.000196592203
4773 0.000198420832
4781 0.000200265343
4789 0.000202125863
4797 0.000204002520
4805 0.000205895442
4813 0.000207804760
4821 0.000209730604
4829 0.000211673105
4837 0.000213632395
4845 0.000215608609
4853 0.000217601879
4861 0.000219612343
4869 0.000221640135
4877 0.000223685392
4885 0.000225748254
4893 0.000227828859
4901 0.000229927347
4909 0.000232043859
4917 0.000234178538
4925 0.000236331527
4933 0.000238502968
4941 0.000240693009
4949 0.000242901795
4957 0.000245129472
4965 0.000247376190
4973 0.000249642097
4981 0.000251927344
4989 0.000254232082
4997 0.000256556463
5005 0.000258900642
5013 0.000261264771
5021 0.000263649008
5029 0.000266053508
5037 0.000268478430
5045 0.000270923933
5053 0.000273390175
5061 0.000275877319
5069 0.000278385526
5077 0.000280914960
5085 0.000283465786
5093 0.000286038168
5101 0.000288632274
5109 0.000291248271
5117 0.000293886329
5125 0.000296546618
5133 0.000299229308
5141 0.000301934573
5149 0.000304662586
5157 0.000307413522
5165 0.000310187558
5173 0.000312984869
5181 0.000315805636
5189 0.000318650038
5197 0.000321518255
5205 0.000324410470
5213 0.000327326866
5221 0.000330267627
5229 0.000333232941
5237 0.000336222993
5245 0.000339237973
5253 0.000342278069
5261 0.000345343474
5269 0.000348434379
5277 0.000351550977
5285 0.000354693464
5293 0.000357862036
5301 0.000361056890
5309 0.000364278225
5317 0.000367526242
5325 0.000370801141
5333 0.000374103125
5341 0.000377432399
5349 0.000380789168
5357 0.000384173640
5365 0.000387586021
5373 0.000391026523
5381 0.000394495356
5389 0.000397992732
5397 0.000401518865
5405 0.000405073972
5413 0.000408658267
5421 0.000412271970
5429 0.000415915300
5437 0.000419588478
5445 0.000423291726
5453 0.000427025269
5461 0.000430789331
5469 0.000434584140
5477 0.000438409925
5485 0.000442266913
5493 0.000446155338
5501 0.000450075432
5509 0.000454027430
5517 0.000458011566
5525 0.000462028080
5533 0.000466077209
5541 0.000470159194
5549 0.000474274278
5557 0.000478422703
5565 0.000482604716
5573 0.000486820562
5581 0.000491070491
5589 0.000495354752
5597 0.000499673597
5605 0.000504027280
5613 0.000508416054
5621 0.000512840177
5629 0.000517299906
5637 0.000521795502
5645 0.000526327226
5653 0.000530895340
5661 0.000535500111
5669 0.000540141803
5677 0.000544820686
5685 0.000549537029
5693 0.000554291104
5701 0.000559083184
5709 0.000563913545
5717 0.000568782462
5725 0.000573690214
5733 0.000578637082
5741 0.000583623348
5749 0.000588649296
5757 0.000593715210
5765 0.000598821379
5773 0.000603968092
5781 0.000609155640
5789 0.000614384315
5797 0.000619654412
5805 0.000624966228
5813 0.000630320061
5821 0.000635716211
5829 0.000641154981
5837 0.000646636674
5845 0.000652161596
5853 0.000657730054
5861 0.000663342359
5869 0.000668998822
5877 0.000674699756
5885 0.000680445477
5893 0.000686236302
5901 0.000692072551
5909 0.000697954544
5917 0.000703882605
5925 0.000709857058
5933 0.000715878233
5941 0.000721946456
5949 0.000728062060
5957 0.000734225378
5965 0.000740436745
5973 0.000746696498
5981 0.000753004977
5989 0.000759362523
5997 0.000765769479
6005 0.000772226192
6013 0.000778733008
6021 0.000785290277
6029 0.000791898351
6037 0.000798557585
6045 0.000805268333
6053 0.000812030955
6061 0.000818845811
6069 0.000825713263
6077 0.000832633676
6085 0.000839607417
6093 0.000846634855
6101 0.000853716360
6109 0.000860852308
6117 0.000868043072
6125 0.000875289032
6133 0.000882590566
6141 0.000889948059
6149 0.000897361894
6157 0.000904832458
6165 0.000912360141
6173 0.000919945333
6181 0.000927588430
6189 0.000935289826
6197 0.000943049921
6205 0.000950869115
6213 0.000958747811
6221 0.000966686415
6229 0.000974685334
6237 0.000982744979
6245 0.000990865763
6253 0.000999048100
6261 0.001007292408
6269 0.001015599107
6277 0.001023968619
6285 0.001032401368
6293 0.001040897782
6301 0.001049458291
6309 0.001058083326
6317 0.001066773322
6325 0.001075528717
6333 0.001084349950
6341 0.001093237462
6349 0.001102191699
6357 0.001111213108
6365 0.001120302138
6373 0.001129459242
6381 0.001138684874
6389 0.001147979493
6397 0.001157343558
6405 0.001166777531
6413 0.001176281879
6421 0.001185857068
6429 0.001195503570
6437 0.001205221857
6445 0.001215012406
6453 0.001224875695
6461 0.001234812205
6469 0.001244822420
6477 0.001254906827
6485 0.001265065915
6493 0.001275300175
6501 0.001285610104
6509 0.001295996198
6517 0.001306458958
6525 0.001316998887
6533 0.001327616490
6541 0.001338312277
6549 0.001349086759
6557 0.001359940450
6565 0.001370873867
6573 0.001381887530
6581 0.001392981963
6589 0.001404157690
6597 0.001415415241
6605 0.001426755147
6613 0.001438177942
6621 0.001449684164
6629 0.001461274353
6637 0.001472949051
6645 0.001484708806
6653 0.001496554166
6661 0.001508485683
6669 0.001520503912
6677 0.001532609412
6685 0.001544802743
6693 0.001557084469
6701 0.001569455158
6709 0.001581915380
6717 0.001594465707
6725 0.001607106716
6733 0.001619838987
6741 0.001632663101
6749 0.001645579645
6757 0.001658589206
6765 0.001671692377
6773 0.001684889753
6781 0.001698181932
6789 0.001711569514
6797 0.001725053105
6805 0.001738633312
6813 0.001752310745
6821 0.001766086018
6829 0.001779959750
6837 0.001793932559
6845 0.001808005071
6853 0.001822177911
6861 0.001836451711
6869 0.001850827103
6877 0.001865304724
6885 0.001879885215
6893 0.001894569218
6901 0.001909357381
6909 0.001924250354
6917 0.001939248790
6925 0.001954353345
6933 0.001969564681
6941 0.001984883460
6949 0.002000310350
6957 0.002015846020
6965 0.002031491146
6973 0.002047246403
6981 0.002063112473
6989 0.002079090040
6997 0.002095179791
7005 0.002111382418
7013 0.002127698615
7021 0.002144129080
7029 0.002160674515
7037 0.002177335625
7045 0.002194113119
7053 0.002211007709
7061 0.002228020112
7069 0.002245151045
7077 0.002262401233
7085 0.002279771402
7093 0.002297262283
7101 0.002314874608
7109 0.002332609116
7117 0.002350466549
7125 0.002368447650
7133 0.002386553168
7141 0.002404783856
7149 0.002423140469
7157 0.002441623768
7165 0.002460234515
7173 0.002478973477
7181 0.002497841426
7189 0.002516839136
7197 0.002535967385
7205 0.002555226956
7213 0.002574618635
7221 0.002594143211
7229 0.002613801478
7237 0.002633594233
7245 0.002653522279
7253 0.002673586419
7261 0.002693787463
7269 0.002714126224
7277 0.002734603519
7285 0.002755220168
7293 0.002775976996
7301 0.002796874831
7309 0.002817914507
7317 0.002839096859
7325 0.002860422728
7333 0.002881892959
7341 0.002903508399
7349 0.002925269901
7357 0.002947178322
7365 0.002969234522
7373 0.002991439365
7381 0.003013793720
7389 0.003036298459
7397 0.003058954460
7405 0.003081762603
7413 0.003104723772
7421 0.003127838857
7429 0.003151108750
7437 0.003174534349
7445 0.003198116556
7453 0.003221856275
7461 0.003245754416
7469 0.003269811893
7477 0.003294029624
7485 0.003318408532
7493 0.003342949542
7501 0.003367653585
7509 0.003392521596
7517 0.003417554515
7525 0.003442753284
7533 0.003468118851
7541 0.003493652168
7549 0.003519354192
7557 0.003545225882
7565 0.003571268203
7573 0.003597482125
7581 0.003623868622
7589 0.003650428670
7597 0.003677163252
7605 0.003704073355
7613 0.003731159969
7621 0.003758424090
7629 0.003785866717
7637 0.003813488855
7645 0.003841291512
7653 0.003869275700
7661 0.003897442438
7669 0.003925792748
7677 0.003954327654
7685 0.003983048190
7693 0.004011955388
7701 0.004041050290
7709 0.004070333939
7717 0.004099807385
7725 0.004129471681
7733 0.004159327884
7741 0.004189377057
7749 0.004219620267
7757 0.004250058585
7765 0.004280693088
7773 0.004311524856
7781 0.004342554975
7789 0.004373784534
7797 0.004405214628
7805 0.004436846356
7813 0.004468680822
7821 0.004500719135
7829 0.004532962407
7837 0.004565411756
7845 0.004598068305
7853 0.004630933181
7861 0.004664007516
7869 0.004697292446
7877 0.004730789112
7885 0.004764498661
7893 0.004798422243
7901 0.004832561014
7909 0.004866916134
7917 0.004901488769
7925 0.004936280087
7933 0.004971291263
7941 0.005006523477
7949 0.005041977913
7957 0.005077655760
7965 0.005113558211
7973 0.005149686466
7981 0.005186041728
7989 0.005222625204
7997 0.005259438109
8005 0.005296481660
8013 0.005333757080
8021 0.005371265598
8029 0.005409008445
8037 0.005446986859
8045 0.005485202082
8053 0.005523655363
8061 0.005562347953
8069 0.005601281110
8077 0.005640456096
8085 0.005679874178
8093 0.005719536628
8101 0.005759444723
8109 0.005799599745
8117 0.005840002981
8125 0.005880655724
8133 0.005921559270
8141 0.005962714921
8149 0.006004123984
8157 0.006045787771
8165 0.006087707600
8173 0.006129884792
8181 0.006172320674
8189 0.006215016580
8197 0.006257973845
8205 0.006301193812
8213 0.006344677829
8221 0.006388427247
8229 0.006432443426
8237 0.006476727726
8245 0.006521281516
8253 0.006566106168
8261 0.006611203061
8269 0.006656573577
8277 0.006702219105
8285 0.006748141038
8293 0.006794340774
8301 0.006840819716
8309 0.006887579274
8317 0.006934620861
8325 0.006981945897
8333 0.007029555804
8341 0.007077452014
8349 0.007125635959
8357 0.007174109080
8365 0.007222872822
8373 0.007271928634
8381 0.007321277972
8389 0.007370922296
8397 0.007420863072
8405 0.007471101771
8413 0.007521639868
8421 0.007572478846
8429 0.007623620189
8437 0.007675065391
8445 0.007726815948
8453 0.007778873362
8461 0.007831239140
8469 0.007883914796
8477 0.007936901847
8485 0.007990201816
8493 0.008043816231
8501 0.008097746627
8509 0.008151994542
8517 0.008206561521
8525 0.008261449112
8533 0.008316658871
8541 0.008372192357
8549 0.008428051136
8557 0.008484236778
8565 0.008540750859
8573 0.008597594961
8581 0.008654770669
8589 0.008712279575
8597 0.008770123277
8605 0.008828303376
8613 0.008886821481
8621 0.008945679203
8629 0.009004878161
8637 0.009064419979
8645 0.009124306286
8653 0.009184538715
8661 0.009245118905
8669 0.009306048503
8677 0.009367329156
8685 0.009428962522
8693 0.009490950260
8701 0.009553294036
8709 0.009615995522
8717 0.009679056395
8725 0.009742478335
8733 0.009806263030
8741 0.009870412174
8749 0.009934927463
8757 0.009999810600
8765 0.010065063295
8773 0.010130687260
8781 0.010196684215
8789 0.010263055885
8797 0.010329803999
8805 0.010396930291
8813 0.010464436503
8821 0.010532324380
8829 0.010600595672
8837 0.010669252137
8845 0.010738295535
8853 0.010807727633
8861 0.010877550204
8869 0.010947765025
8877 0.011018373878
8885 0.011089378552
8893 0.011160780840
8901 0.011232582541
8909 0.011304785458
8917 0.011377391401
8925 0.011450402184
8933 0.011523819626
8941 0.011597645554
8949 0.011671881796
8957 0.011746530189
8965 0.011821592574
8973 0.011897070796
8981 0.011972966706
8989 0.012049282162
8997 0.012126019026
9005 0.012203179163
9013 0.012280764447
9021 0.012358776755
9029 0.012437217970
9037 0.012516089980
9045 0.012595394678
9053 0.012675133962
9061 0.012755309736
9069 0.012835923910
9077 0.012916978396
9085 0.012998475114
9093 0.013080415989
9101 0.013162802950
9109 0.013245637932
9117 0.013328922875
9125 0.013412659724
9133 0.013496850429
9141 0.013581496945
9149 0.013666601233
9157 0.013752165260
9165 0.013838190994
9173 0.013924680413
9181 0.014011635498
9189 0.014099058233
9197 0.014186950612
9205 0.014275314629
9213 0.014364152287
9221 0.014453465591
9229 0.014543256553
9237 0.014633527190
9245 0.014724279524
9253 0.014815515580
9261 0.014907237390
9269 0.014999446991
9277 0.015092146425
9285 0.015185337738
9293 0.015279022982
9301 0.015373204214
9309 0.015467883494
9317 0.015563062890
9325 0.015658744472
9333 0.015754930318
9341 0.015851622507
9349 0.015948823128
9357 0.016046534270
9365 0.016144758029
9373 0.016243496506
9381 0.016342751808
9389 0.016442526043
9397 0.016542821329
9405 0.016643639784
9413 0.016744983534
9421 0.016846854709
9429 0.016949255443
9437 0.017052187875
9445 0.017155654150
9453 0.017259656415
9461 0.017364196826
9469 0.017469277539
9477 0.017574900718
9485 0.017681068531
9493 0.017787783150
9501 0.017895046751
9509 0.018002861516
9517 0.018111229631
9525 0.018220153288
9533 0.018329634681
9541 0.018439676011
9549 0.018550279482
9557 0.018661447303
9565 0.018773181687
9573 0.018885484853
9581 0.018998359024
9589 0.019111806426
9597 0.019225829291
9605 0.019340429855
9613 0.019455610358
9621 0.019571373045
9629 0.019687720165
9637 0.019804653972
9645 0.019922176724
9653 0.020040290683
9661 0.020158998116
9669 0.020278301293
9677 0.020398202489
9685 0.020518703984
9693 0.020639808062
9701 0.020761517010
9709 0.020883833121
9717 0.021006758690
9725 0.021130296018
9733 0.021254447410
9741 0.021379215174
9749 0.021504601622
9757 0.021630609073
9765 0.021757239846
9773 0.021884496266
9781 0.022012380663
9789 0.022140895369
9797 0.022270042721
9805 0.022399825060
9813 0.022530244731
9821 0.022661304082
9829 0.022793005465
9837 0.022925351237
9845 0.023058343759
9853 0.023191985394
9861 0.023326278510
9869 0.023461225478
9877 0.023596828674
9885 0.023733090476
9893 0.023870013268
9901 0.024007599435
9909 0.024145851368
9917 0.024284771460
9925 0.024424362108
9933 0.024564625713
9941 0.024705564680
9949 0.024847181414
9957 0.024989478329
9965 0.025132457839
9973 0.025276122361
9981 0.025420474318
9989 0.025565516133
9997 0.025711250236
10005 0.025857679057
10013 0.026004805033
10021 0.026152630599
10029 0.026301158199
10037 0.026450390276
10045 0.026600329279
10053 0.026750977657
10061 0.026902337865
10069 0.027054412360
10077 0.027207203602
10085 0.027360714055
10093 0.027514946183
10101 0.027669902457
10109 0.027825585348
10117 0.027981997332
10125 0.028139140886
10133 0.028297018491
10141 0.028455632630
10149 0.028614985790
10157 0.028775080459
10165 0.028935919130
10173 0.029097504297
10181 0.029259838457
10189 0.029422924109
10197 0.029586763757
10205 0.029751359904
10213 0.029916715059
10221 0.030082831730
10229 0.030249712432
10237 0.030417359677
10245 0.030585775985
10253 0.030754963873
10261 0.030924925864
10269 0.031095664482
10277 0.031267182254
10285 0.031439481708
10293 0.031612565374
10301 0.031786435787
10309 0.031961095480
10317 0.032136546992
10325 0.032312792860
10333 0.032489835628
10341 0.032667677836
10349 0.032846322032
10357 0.033025770761
10365 0.033206026573
10373 0.033387092018
10381 0.033568969649
10389 0.033751662019
10397 0.033935171686
10405 0.034119501205
10413 0.034304653138
10421 0.034490630043
10429 0.034677434485
10437 0.034865069026
10445 0.035053536232
10453 0.035242838669
10461 0.035432978907
10469 0.035623959514
10477 0.035815783061
10485 0.036008452121
10493 0.036201969266
10501 0.036396337072
10509 0.036591558113
10517 0.036787634968
10525 0.036984570213
10533 0.037182366428
10541 0.037381026193
10549 0.037580552088
10557 0.037780946696
10565 0.037982212598
10573 0.038184352378
10581 0.038387368621
10589 0.038591263912
10597 0.038796040835
10605 0.039001701978
10613 0.039208249928
10621 0.039415687271
10629 0.039624016596
10637 0.039833240491
10645 0.040043361546
10653 0.040254382349
10661 0.040466305489
10669 0.040679133558
10677 0.040892869145
10685 0.041107514840
10693 0.041323073234
10701 0.041539546917
10709 0.041756938481
10717 0.041975250515
10725 0.042194485611
10733 0.042414646359
10741 0.042635735350
10749 0.042857755174
10757 0.043080708421
10765 0.043304597680
10773 0.043529425543
10781 0.043755194596
10789 0.043981907430
10797 0.044209566633
10805 0.044438174793
10813 0.044667734496
10821 0.044898248329
10829 0.045129718879
10837 0.045362148731
10845 0.045595540470
10853 0.045829896678
10861 0.046065219940
10869 0.046301512836
10877 0.046538777949
10885 0.046777017859
10893 0.047016235144
10901 0.047256432382
10909 0.047497612151
10917 0.047739777025
10925 0.047982929580
10933 0.048227072389
10941 0.048472208022
10949 0.048718339051
10957 0.048965468044
10965 0.049213597569
10973 0.049462730192
10981 0.049712868476
10989 0.049964014985
10997 0.050216172279
11005 0.050469342917
11013 0.050723529457
11021 0.050978734453
11029 0.051234960460
11037 0.051492210029
11045 0.051750485708
11053 0.052009790047
11061 0.052270125589
11069 0.052531494878
11077 0.052793900455
11085 0.053057344858
11093 0.053321830623
11101 0.053587360284
11109 0.053853936371
11117 0.054121561415
11125 0.054390237940
11133 0.054659968471
11141 0.054930755528
11149 0.055202601629
11157 0.055475509290
11165 0.055749481022
11173 0.056024519335
11181 0.056300626737
11189 0.056577805730
11197 0.056856058814
11205 0.057135388487
11213 0.057415797244
11221 0.057697287574
11229 0.057979861965
11237 0.058263522902
11245 0.058548272865
11253 0.058834114331
11261 0.059121049774
11269 0.059409081665
11277 0.059698212469
11285 0.059988444649
11293 0.060279780664
11301 0.060572222970
11309 0.060865774017
11317 0.061160436252
11325 0.061456212120
11333 0.061753104059
11341 0.062051114504
11349 0.062350245886
11357 0.062650500632
11365 0.062951881164
11373 0.063254389900
11381 0.063558029254
11389 0.063862801634
11397 0.064168709445
11405 0.064475755088
11413 0.064783940957
11421 0.065093269442
11429 0.065403742931
11437 0.065715363802
11445 0.066028134434
11453 0.066342057196
11461 0.066657134454
11469 0.066973368570
11477 0.067290761899
11485 0.067609316792
11493 0.067929035594
11501 0.068249920645
11509 0.068571974280
11517 0.068895198827
11525 0.069219596611
11533 0.069545169950
11541 0.069871921155
11549 0.070199852533
11557 0.070528966386
11565 0.070859265008
11573 0.071190750690
11581 0.071523425713
11589 0.071857292355
11597 0.072192352887
11605 0.072528609576
11613 0.072866064678
11621 0.073204720447
11629 0.073544579129
11637 0.073885642965
11645 0.074227914186
11653 0.074571395021
11661 0.074916087690
11669 0.075261994406
11677 0.075609117376
11685 0.075957458801
11693 0.076307020874
11701 0.076657805781
11709 0.077009815703
11717 0.077363052811
11725 0.077717519271
11733 0.078073217241
11741 0.078430148873
11749 0.078788316310
11757 0.079147721689
11765 0.079508367139
11773 0.079870254781
11781 0.080233386731
11789 0.080597765093
11797 0.080963391967
11805 0.081330269445
11813 0.081698399610
11821 0.082067784536
11829 0.082438426292
11837 0.082810326938
11845 0.083183488525
11853 0.083557913096
11861 0.083933602687
11869 0.084310559325
11877 0.084688785029
11885 0.085068281809
11893 0.085449051668
11901 0.085831096598
11909 0.086214418586
11917 0.086599019607
11925 0.086984901628
11933 0.087372066610
11941 0.087760516502
11949 0.088150253245
11957 0.088541278773
11965 0.088933595007
11973 0.089327203863
11981 0.089722107246
11989 0.090118307051
11997 0.090515805165
12005 0.090914603467
12013 0.091314703823
12021 0.091716108093
12029 0.092118818125
12037 0.092522835759
12045 0.092928162825
12053 0.093334801143
12061 0.093742752523
12069 0.094152018766
12077 0.094562601662
12085 0.094974502993
12093 0.095387724529
12101 0.095802268030
12109 0.096218135246
12117 0.096635327919
12125 0.097053847778
12133 0.097473696543
12141 0.097894875922
12149 0.098317387614
12157 0.098741233309
12165 0.099166414682
12173 0.099592933402
12181 0.100020791124
12189 0.100449989493
12197 0.100880530145
12205 0.101312414703
12213 0.101745644780
12221 0.102180221976
12229 0.102616147883
12237 0.103053424081
12245 0.103492052136
12253 0.103932033607
12261 0.104373370038
12269 0.104816062963
12277 0.105260113906
12285 0.105705524376
12293 0.106152295874
12301 0.106600429888
12309 0.107049927893
12317 0.107500791353
12325 0.107953021722
12333 0.108406620439
12341 0.108861588932
12349 0.109317928619
12357 0.109775640904
12365 0.110234727179
12373 0.110695188823
12381 0.111157027205
12389 0.111620243680
12397 0.112084839591
12405 0.112550816268
12413 0.113018175029
12421 0.113486917179
12429 0.113957044012
12437 0.114428556806
12445 0.114901456830
12453 0.115375745338
12461 0.115851423570
12469 0.116328492756
12477 0.116806954112
12485 0.117286808838
12493 0.117768058126
12501 0.118250703150
12509 0.118734745075
12517 0.119220185048
12525 0.119707024207
12533 0.120195263674
12541 0.120684904559
12549 0.121175947956
12557 0.121668394949
12565 0.122162246606
12573 0.122657503981
12581 0.123154168115
12589 0.123652240036
12597 0.124151720756
12605 0.124652611275
12613 0.125154912579
12621 0.125658625637
12629 0.126163751408
12637 0.126670290834
12645 0.127178244844
12653 0.127687614352
12661 0.128198400259
12669 0.128710603449
12677 0.129224224794
12685 0.129739265150
12693 0.130255725360
12701 0.130773606251
12709 0.131292908636
12717 0.131813633312
12725 0.132335781063
12733 0.132859352657
12741 0.133384348848
12749 0.133910770374
12757 0.134438617958
12765 0.134967892310
12773 0.135498594122
12781 0.136030724072
12789 0.136564282824
12797 0.137099271025
12805 0.137635689307
12813 0.138173538287
12821 0.138712818567
12829 0.139253530733
12837 0.139795675354
12845 0.140339252987
12853 0.140884264171
12861 0.141430709428
12869 0.141978589266
12877 0.142527904179
12885 0.143078654641
12893 0.143630841114
12901 0.144184464041
12909 0.144739523851
12917 0.145296020956
12925 0.145853955753
12933 0.146413328621
12941 0.146974139925
12949 0.147536390012
12957 0.148100079213
12965 0.148665207844
12973 0.149231776203
12981 0.149799784573
12989 0.150369233219
12997 0.150940122391
13005 0.151512452322
13013 0.152086223226
13021 0.152661435305
13029 0.153238088740
13037 0.153816183698
13045 0.154395720328
13053 0.154976698762
13061 0.155559119116
13069 0.156142981488
13077 0.156728285960
13085 0.157315032596
13093 0.157903221445
13101 0.158492852536
13109 0.159083925883
13117 0.159676441482
13125 0.160270399312
13133 0.160865799334
13141 0.161462641493
13149 0.162060925716
13157 0.162660651912
13165 0.163261819974
13173 0.163864429776
13181 0.164468481176
13189 0.165073974013
13197 0.165680908109
13205 0.166289283268
13213 0.166899099278
13221 0.167510355907
13229 0.168123052907
13237 0.168737190012
13245 0.169352766936
13253 0.169969783378
13261 0.170588239018
13269 0.171208133519
13277 0.171829466523
13285 0.172452237658
13293 0.173076446531
13301 0.173702092732
13309 0.174329175834
13317 0.174957695389
13325 0.175587650935
13333 0.176219041988
13341 0.176851868047
13349 0.177486128593
13357 0.178121823090
13365 0.178758950981
13373 0.179397511692
13381 0.180037504631
13389 0.180678929186
13397 0.181321784730
13405 0.181966070613
13413 0.182611786170
13421 0.183258930716
13429 0.183907503547
13437 0.184557503941
13445 0.185208931159
13453 0.185861784439
13461 0.186516063005
13469 0.187171766060
13477 0.187828892788
13485 0.188487442355
13493 0.189147413909
13501 0.189808806577
13509 0.190471619469
13517 0.191135851675
13525 0.191801502268
13533 0.192468570299
13541 0.193137054803
13549 0.193806954794
13557 0.194478269269
13565 0.195150997204
13573 0.195825137557
13581 0.196500689267
13589 0.197177651253
13597 0.197856022417
13605 0.198535801640
13613 0.199216987784
13621 0.199899579693
13629 0.200583576190
13637 0.201268976082
13645 0.201955778152
13653 0.202643981169
13661 0.203333583879
13669 0.204024585010
13677 0.204716983272
13685 0.205410777353
13693 0.206105965923
13701 0.206802547635
13709 0.207500521119
13717 0.208199884987
13725 0.208900637833
13733 0.209602778230
13741 0.210306304731
13749 0.211011215872
13757 0.211717510169
13765 0.212425186116
13773 0.213134242190
13781 0.213844676849
13789 0.214556488530
13797 0.215269675651
13805 0.215984236611
13813 0.216700169789
13821 0.217417473544
13829 0.218136146218
13837 0.218856186129
13845 0.219577591581
13853 0.220300360853
13861 0.221024492209
13869 0.221749983892
13877 0.222476834123
13885 0.223205041107
13893 0.223934603028
13901 0.224665518050
13909 0.225397784318
13917 0.226131399958
13925 0.226866363074
13933 0.227602671755
13941 0.228340324065
13949 0.229079318053
13957 0.229819651745
13965 0.230561323151
13973 0.231304330257
13981 0.232048671034
13989 0.232794343431
13997 0.233541345376
14005 0.234289674781
14013 0.235039329537
14021 0.235790307513
14029 0.236542606563
14037 0.237296224517
14045 0.238051159188
14053 0.238807408370
14061 0.239564969835
14069 0.240323841338
14077 0.241084020614
14085 0.241845505375
14093 0.242608293320
14101 0.243372382122
14109 0.244137769439
14117 0.244904452908
14125 0.245672430145
14133 0.246441698749
14141 0.247212256299
14149 0.247984100354
14157 0.248757228453
14165 0.249531638117
14173 0.250307326846
14181 0.251084292122
14189 0.251862531408
14197 0.252642042145
14205 0.253422821758
14213 0.254204867650
14221 0.254988177206
14229 0.255772747793
14237 0.256558576755
14245 0.257345661419
14253 0.258133999095
14261 0.258923587069
14269 0.259714422611
14277 0.260506502971
14285 0.261299825381
14293 0.262094387051
14301 0.262890185174
14309 0.263687216923
14317 0.264485479453
14325 0.265284969900
14333 0.266085685378
14341 0.266887622986
14349 0.267690779802
14357 0.268495152884
14365 0.269300739273
14373 0.270107535991
14381 0.270915540038
14389 0.271724748400
14397 0.272535158040
14405 0.273346765904
14413 0.274159568919
14421 0.274973563993
14429 0.275788748016
14437 0.276605117859
14445 0.277422670372
14453 0.278241402390
14461 0.279061310728
14469 0.279882392181
14477 0.280704643526
14485 0.281528061523
14493 0.282352642912
14501 0.283178384415
14509 0.284005282736
14517 0.284833334559
14525 0.285662536551
14533 0.286492885361
14541 0.287324377618
14549 0.288157009934
14557 0.288990778903
14565 0.289825681100
14573 0.290661713082
14581 0.291498871388
14589 0.292337152538
14597 0.293176553037
14605 0.294017069368
14613 0.294858697998
14621 0.295701435375
14629 0.296545277932
14637 0.297390222081
14645 0.298236264218
14653 0.299083400719
14661 0.299931627944
14669 0.300780942236
14677 0.301631339919
14685 0.302482817300
14693 0.303335370668
14701 0.304188996294
14709 0.305043690433
14717 0.305899449321
14725 0.306756269178
14733 0.307614146207
14741 0.308473076591
14749 0.309333056498
14757 0.310194082078
14765 0.311056149465
14773 0.311919254775
14781 0.312783394106
14789 0.313648563540
14797 0.314514759143
14805 0.315381976963
14813 0.316250213030
14821 0.317119463360
14829 0.317989723950
14837 0.318860990781
14845 0.319733259816
14853 0.320606527005
14861 0.321480788278
14869 0.322356039550
14877 0.323232276719
14885 0.324109495667
14893 0.324987692259
14901 0.325866862346
14909 0.326747001759
14917 0.327628106316
14925 0.328510171818
14933 0.329393194050
14941 0.330277168779
14949 0.331162091760
14957 0.332047958729
14965 0.332934765407
14973 0.333822507501
14981 0.334711180698
14989 0.335600780675
14997 0.336491303089
15005 0.337382743583
15013 0.338275097785
15021 0.339168361307
15029 0.340062529747
15037 0.340957598685
15045 0.341853563689
15053 0.342750420310
15061 0.343648164084
15069 0.344546790532
15077 0.345446295161
15085 0.346346673462
15093 0.347247920912
15101 0.348150032973
15109 0.349053005092
15117 0.349956832702
15125 0.350861511222
15133 0.351767036054
15141 0.352673402589
15149 0.353580606200
15157 0.354488642250
15165 0.355397506085
15173 0.356307193036
15181 0.357217698423
15189 0.358129017550
15197 0.359041145707
15205 0.359954078171
15213 0.360867810206
15221 0.361782337059
15229 0.362697653968
15237 0.363613756154
15245 0.364530638826
15253 0.365448297178
15261 0.366366726394
15269 0.367285921641
15277 0.368205878076
15285 0.369126590840
15293 0.370048055063
15301 0.370970265862
15309 0.371893218340
15317 0.372816907588
15325 0.373741328685
15333 0.374666476695
15341 0.375592346672
15349 0.376518933657
15357 0.377446232677
15365 0.378374238747
15373 0.379302946873
15381 0.380232352045
15389 0.381162449242
15397 0.382093233433
15405 0.383024699571
15413 0.383956842602
15421 0.384889657456
15429 0.385823139054
15437 0.386757282305
15445 0.387692082106
15453 0.388627533342
15461 0.389563630888
15469 0.390500369607
15477 0.391437744351
15485 0.392375749961
15493 0.393314381266
15501 0.394253633087
15509 0.395193500230
15517 0.396133977493
15525 0.397075059663
15533 0.398016741517
15541 0.398959017819
15549 0.399901883326
15557 0.400845332782
15565 0.401789360922
15573 0.402733962471
15581 0.403679132143
15589 0.404624864643
15597 0.405571154667
15605 0.406517996898
15613 0.407465386012
15621 0.408413316675
15629 0.409361783544
15637 0.410310781264
15645 0.411260304474
15653 0.412210347802
15661 0.413160905867
15669 0.414111973279
15677 0.415063544639
15685 0.416015614540
15693 0.416968177564
15701 0.417921228287
15709 0.418874761274
15717 0.419828771084
15725 0.420783252266
15733 0.421738199361
15741 0.422693606901
15749 0.423649469411
15757 0.424605781407
15765 0.425562537399
15773 0.426519731887
15781 0.427477359365
15789 0.428435414316
15797 0.429393891220
15805 0.430352784547
15813 0.431312088760
15821 0.432271798314
15829 0.433231907658
15837 0.434192411233
15845 0.435153303475
15853 0.436114578810
15861 0.437076231660
15869 0.438038256438
15877 0.439000647552
15885 0.439963399404
15893 0.440926506387
15901 0.441889962890
15909 0.442853763296
15917 0.443817901980
15925 0.444782373312
15933 0.445747171657
15941 0.446712291372
15949 0.447677726811
15957 0.448643472320
15965 0.449609522240
15973 0.450575870909
15981 0.451542512656
15989 0.452509441807
15997 0.453476652683
16005 0.454444139598
16013 0.455411896864
16021 0.456379918786
16029 0.457348199664
16037 0.458316733797
16045 0.459285515474
16053 0.460254538984
16061 0.461223798609
16069 0.462193288629
16077 0.463163003319
16085 0.464132936949
16093 0.465103083786
16101 0.466073438093
16109 0.467043994130
16117 0.468014746152
16125 0.468985688411
16133 0.469956815158
16141 0.470928120636
16149 0.471899599089
16157 0.472871244756
16165 0.473843051873
16173 0.474815014674
16181 0.475787127389
16189 0.476759384247
16197 0.477731779473
16205 0.478704307289
16213 0.479676961917
16221 0.480649737575
16229 0.481622628478
16237 0.482595628842
16245 0.483568732877
16253 0.484541934795
16261 0.485515228804
16269 0.486488609111
16277 0.487462069921
16285 0.488435605438
16293 0.489409209866
16301 0.490382877404
16309 0.491356602253
16317 0.492330378613
16325 0.493304200682
16333 0.494278062657
16341 0.495251958735
16349 0.496225883112
16357 0.497199829984
16365 0.498173793547
16373 0.499147767994
16381 0.500121747520
16389 0.501095726321
16397 0.502069698591
16405 0.503043658525
16413 0.504017600317
16421 0.504991518164
16429 0.505965406261
16437 0.506939258803
16445 0.507913069989
16453 0.508886834015
16461 0.509860545080
16469 0.510834197384
16477 0.511807785128
16485 0.512781302512
16493 0.513754743739
16501 0.514728103015
16509 0.515701374544
16517 0.516674552534
16525 0.517647631195
16533 0.518620604736
16541 0.519593467370
16549 0.520566213312
16557 0.521538836779
16565 0.522511331990
16573 0.523483693165
16581 0.524455914528
16589 0.525427990306
16597 0.526399914727
16605 0.527371682022
16613 0.528343286426
16621 0.529314722175
16629 0.530285983510
16637 0.531257064674
16645 0.532227959913
16653 0.533198663478
16661 0.534169169620
16669 0.535139472598
16677 0.536109566671
16685 0.537079446103
16693 0.538049105162
16701 0.539018538120
16709 0.539987739253
16717 0.540956702841
16725 0.541925423167
16733 0.542893894521
16741 0.543862111195
16749 0.544830067487
16757 0.545797757698
16765 0.546765176137
16773 0.547732317114
16781 0.548699174947
16789 0.549665743956
16797 0.550632018469
16805 0.551597992817
16813 0.552563661339
16821 0.553529018376
16829 0.554494058278
16837 0.555458775399
16845 0.556423164097
16853 0.557387218739
16861 0.558350933696
16869 0.559314303346
16877 0.560277322072
16885 0.561239984264
16893 0.562202284319
16901 0.563164216640
16909 0.564125775634
16917 0.565086955719
16925 0.566047751316
16933 0.567008156855
16941 0.567968166772
16949 0.568927775511
16957 0.569886977522
16965 0.570845767261
16973 0.571804139196
16981 0.572762087796
16989 0.573719607543
16997 0.574676692923
17005 0.575633338431
17013 0.576589538570
17021 0.577545287852
17029 0.578500580793
17037 0.579455411922
17045 0.580409775772
17053 0.581363666887
17061 0.582317079819
17069 0.583270009126
17077 0.584222449378
17085 0.585174395150
17093 0.586125841030
17101 0.587076781611
17109 0.588027211497
17117 0.588977125299
17125 0.589926517640
17133 0.590875383150
17141 0.591823716469
17149 0.592771512245
17157 0.593718765139
17165 0.594665469816
17173 0.595611620957
17181 0.596557213247
17189 0.597502241384
17197 0.598446700076
17205 0.599390584039
17213 0.600333888001
17221 0.601276606699
17229 0.602218734881
17237 0.603160267304
17245 0.604101198737
17253 0.605041523958
17261 0.605981237758
17269 0.606920334936
17277 0.607858810303
17285 0.608796658680
17293 0.609733874901
17301 0.610670453809
17309 0.611606390259
17317 0.612541679116
17325 0.613476315259
17333 0.614410293574
17341 0.615343608964
17349 0.616276256338
17357 0.617208230620
17365 0.618139526745
17373 0.619070139659
17381 0.620000064322
17389 0.620929295702
17397 0.621857828783
17405 0.622785658559
17413 0.623712780037
17421 0.624639188235
17429 0.625564878185
17437 0.626489844930
17445 0.627414083527
17453 0.628337589044
17461 0.629260356562
17469 0.630182381175
17477 0.631103657991
17485 0.632024182129
17493 0.632943948721
17501 0.633862952914
17509 0.634781189867
17517 0.635698654750
17525 0.636615342750
17533 0.637531249066
17541 0.638446368908
17549 0.639360697503
17557 0.640274230090
17565 0.641186961921
17573 0.642098888263
17581 0.643010004396
17589 0.643920305613
17597 0.644829787224
17605 0.645738444549
17613 0.646646272925
17621 0.647553267702
17629 0.648459424244
17637 0.649364737930
17645 0.650269204152
17653 0.651172818319
17661 0.652075575851
17669 0.652977472186
17677 0.653878502773
17685 0.654778663080
17693 0.655677948586
17701 0.656576354786
17709 0.657473877190
17717 0.658370511325
17725 0.659266252729
17733 0.660161096958
17741 0.661055039582
17749 0.661948076186
17757 0.662840202372
17765 0.663731413755
17773 0.664621705968
17781 0.665511074656
17789 0.666399515482
17797 0.667287024125
17805 0.668173596278
17813 0.669059227651
17821 0.669943913968
17829 0.670827650970
17837 0.671710434415
17845 0.672592260076
17853 0.673473123740
17861 0.674353021213
17869 0.675231948316
17877 0.676109900886
17885 0.676986874776
17893 0.677862865856
17901 0.678737870012
17909 0.679611883147
17917 0.680484901178
17925 0.681356920042
17933 0.682227935690
17941 0.683097944091
17949 0.683966941229
17957 0.684834923108
17965 0.685701885745
17973 0.686567825176
17981 0.687432737453
17989 0.688296618645
17997 0.689159464839
18005 0.690021272138
18013 0.690882036662
18021 0.691741754548
18029 0.692600421952
18037 0.693458035044
18045 0.694314590015
18053 0.695170083070
18061 0.696024510432
18069 0.696877868344
18077 0.697730153064
18085 0.698581360868
18093 0.699431488048
18101 0.700280530918
18109 0.701128485804
18117 0.701975349055
18125 0.702821117033
18133 0.703665786121
18141 0.704509352719
18149 0.705351813244
18157 0.706193164131
18165 0.707033401835
18173 0.707872522825
18181 0.708710523592
18189 0.709547400642
18197 0.710383150501
18205 0.711217769713
18213 0.712051254840
18221 0.712883602460
18229 0.713714809172
18237 0.714544871593
18245 0.715373786356
18253 0.716201550115
18261 0.717028159541
18269 0.717853611324
18277 0.718677902172
18285 0.719501028811
18293 0.720322987986
18301 0.721143776462
18309 0.721963391019
18317 0.722781828459
18325 0.723599085601
18333 0.724415159283
18341 0.725230046361
18349 0.726043743712
18357 0.726856248228
18365 0.727667556824
18373 0.728477666429
18381 0.729286573996
18389 0.730094276493
18397 0.730900770909
18405 0.731706054250
18413 0.732510123542
18421 0.733312975831
18429 0.734114608180
18437 0.734915017672
18445 0.735714201409
18453 0.736512156512
18461 0.737308880120
18469 0.738104369394
18477 0.738898621511
18485 0.739691633669
18493 0.740483403084
18501 0.741273926991
18509 0.742063202646
18517 0.742851227322
18525 0.743637998313
18533 0.744423512931
18541 0.745207768507
18549 0.745990762394
18557 0.746772491961
18565 0.747552954597
18573 0.748332147713
18581 0.749110068735
18589 0.749886715112
18597 0.750662084310
18605 0.751436173816
18613 0.752208981135
18621 0.752980503794
18629 0.753750739335
18637 0.754519685324
18645 0.755287339344
18653 0.756053698997
18661 0.756818761906
18669 0.757582525713
18677 0.758344988079
18685 0.759106146684
18693 0.759865999230
18701 0.760624543435
18709 0.761381777039
18717 0.762137697802
18725 0.762892303500
18733 0.763645591932
18741 0.764397560916
18749 0.765148208288
18757 0.765897531904
18765 0.766645529641
18773 0.767392199395
18781 0.768137539080
18789 0.768881546630
18797 0.769624220001
18805 0.770365557167
18813 0.771105556119
18821 0.771844214871
18829 0.772581531457
18837 0.773317503926
18845 0.774052130353
18853 0.774785408826
18861 0.775517337458
18869 0.776247914377
18877 0.776977137735
18885 0.777705005701
18893 0.778431516463
18901 0.779156668229
18909 0.779880459228
18917 0.780602887708
18925 0.781323951935
18933 0.782043650195
18941 0.782761980796
18949 0.783478942061
18957 0.784194532338
18965 0.784908749989
18973 0.785621593399
18981 0.786333060972
18989 0.787043151131
18997 0.787751862318
19005 0.788459192994
19013 0.789165141642
19021 0.789869706762
19029 0.790572886874
19037 0.791274680517
19045 0.791975086252
19053 0.792674102655
19061 0.793371728325
19069 0.794067961879
19077 0.794762801953
19085 0.795456247203
19093 0.796148296304
19101 0.796838947951
19109 0.797528200856
19117 0.798216053753
19125 0.798902505393
19133 0.799587554549
19141 0.800271200011
19149 0.800953440588
19157 0.801634275109
19165 0.802313702423
19173 0.802991721397
19181 0.803668330917
19189 0.804343529888
19197 0.805017317235
19205 0.805689691902
19213 0.806360652851
19221 0.807030199064
19229 0.807698329541
19237 0.808365043303
19245 0.809030339387
19253 0.809694216851
19261 0.810356674771
19269 0.811017712243
19277 0.811677328381
19285 0.812335522318
19293 0.812992293205
19301 0.813647640214
19309 0.814301562532
19317 0.814954059369
19325 0.815605129951
19333 0.816254773523
19341 0.816902989350
19349 0.817549776714
19357 0.818195134916
19365 0.818839063276
19373 0.819481561133
19381 0.820122627842
19389 0.820762262781
19397 0.821400465342
19405 0.822037234937
19413 0.822672570997
19421 0.823306472972
19429 0.823938940327
19437 0.824569972549
19445 0.825199569142
19453 0.825827729627
19461 0.826454453545
19469 0.827079740453
19477 0.827703589930
19485 0.828326001568
19493 0.828946974980
19501 0.829566509798
19509 0.830184605670
19517 0.830801262262
19525 0.831416479259
19533 0.832030256363
19541 0.832642593295
19549 0.833253489792
19557 0.833862945610
19565 0.834470960523
19573 0.835077534322
19581 0.835682666815
19589 0.836286357830
19597 0.836888607210
19605 0.837489414816
19613 0.838088780528
19621 0.838686704243
19629 0.839283185874
19637 0.839878225353
19645 0.840471822628
19653 0.841063977665
19661 0.841654690448
19669 0.842243960977
19677 0.842831789269
19685 0.843418175359
19693 0.844003119299
19701 0.844586621159
19709 0.845168681023
19717 0.845749298994
19725 0.846328475193
19733 0.846906209755
19741 0.847482502835
19749 0.848057354602
19757 0.848630765244
19765 0.849202734964
19773 0.849773263982
19781 0.850342352535
19789 0.850910000877
19797 0.851476209277
19805 0.852040978022
19813 0.852604307414
19821 0.853166197774
19829 0.853726649435
19837 0.854285662751
19845 0.854843238088
19853 0.855399375832
19861 0.855954076382
19869 0.856507340155
19877 0.857059167583
19885 0.857609559114
19893 0.858158515213
19901 0.858706036359
19909 0.859252123050
19917 0.859796775795
19925 0.860339995124
19933 0.860881781580
19941 0.861422135720
19949 0.861961058119
19957 0.862498549368
19965 0.863034610071
19973 0.863569240850
19981 0.864102442340
19989 0.864634215193
19997 0.865164560075
20005 0.865693477670
20013 0.866220968673
20021 0.866747033796
20029 0.867271673768
20037 0.867794889331
20045 0.868316681240
20053 0.868837050270
20061 0.869355997205
20069 0.869873522849
20077 0.870389628018
20085 0.870904313542
20093 0.871417580267
20101 0.871929429054
20109 0.872439860777
20117 0.872948876326
20125 0.873456476603
20133 0.873962662528
20141 0.874467435032
20149 0.874970795062
20157 0.875472743577
20165 0.875973281554
20173 0.876472409980
20181 0.876970129858
20189 0.877466442206
20197 0.877961348053
20205 0.878454848445
20213 0.878946944438
20221 0.879437637105
20229 0.879926927532
20237 0.880414816818
20245 0.880901306075
20253 0.881386396429
20261 0.881870089020
20269 0.882352385001
20277 0.882833285537
20285 0.883312791809
20293 0.883790905009
20301 0.884267626342
20309 0.884742957028
20317 0.885216898297
20325 0.885689451396
20333 0.886160617581
20341 0.886630398122
20349 0.887098794304
20357 0.887565807421
20365 0.888031438782
20373 0.888495689708
20381 0.888958561534
20389 0.889420055604
20397 0.889880173277
20405 0.890338915924
20413 0.890796284929
20421 0.891252281685
20429 0.891706907602
20437 0.892160164097
20445 0.892612052603
20453 0.893062574563
20461 0.893511731432
20469 0.893959524678
20477 0.894405955779
20485 0.894851026227
20493 0.895294737523
20501 0.895737091182
20509 0.896178088728
20517 0.896617731700
20525 0.897056021644
20533 0.897492960122
20541 0.897928548703
20549 0.898362788970
20557 0.898795682516
20565 0.899227230946
20573 0.899657435874
20581 0.900086298928
20589 0.900513821745
20597 0.900940005972
20605 0.901364853269
20613 0.901788365306
20621 0.902210543761
20629 0.902631390327
20637 0.903050906704
20645 0.903469094605
20653 0.903885955752
20661 0.904301491876
20669 0.904715704721
20677 0.905128596040
20685 0.905540167596
20693 0.905950421161
20701 0.906359358520
20709 0.906766981466
20717 0.907173291801
20725 0.907578291337
20733 0.907981981899
20741 0.908384365318
20749 0.908785443435
20757 0.909185218103
20765 0.909583691183
20773 0.909980864543
20781 0.910376740066
20789 0.910771319639
20797 0.911164605160
20805 0.911556598538
20813 0.911947301689
20821 0.912336716538
20829 0.912724845020
20837 0.913111689078
20845 0.913497250666
20853 0.913881531743
20861 0.914264534281
20869 0.914646260257
20877 0.915026711659
20885 0.915405890482
20893 0.915783798731
20901 0.916160438417
20909 0.916535811563
20917 0.916909920197
20925 0.917282766357
20933 0.917654352087
20941 0.918024679443
20949 0.918393750485
20957 0.918761567282
20965 0.919128131914
20973 0.919493446464
20981 0.919857513026
20989 0.920220333700
20997 0.920581910596
21005 0.920942245829
21013 0.921301341523
21021 0.921659199808
21029 0.922015822823
21037 0.922371212714
21045 0.922725371634
21053 0.923078301742
21061 0.923430005206
21069 0.923780484200
21077 0.924129740905
21085 0.924477777511
21093 0.924824596211
21101 0.925170199208
21109 0.925514588710
21117 0.925857766934
21125 0.926199736100
21133 0.926540498437
21141 0.926880056181
21149 0.927218411572
21157 0.927555566860
21165 0.927891524297
21173 0.928226286144
21181 0.928559854669
21189 0.928892232142
21197 0.929223420845
21205 0.929553423060
21213 0.929882241079
21221 0.930209877198
21229 0.930536333720
21237 0.930861612952
21245 0.931185717210
21253 0.931508648811
21261 0.931830410081
21269 0.932151003351
21277 0.932470430956
21285 0.932788695238
21293 0.933105798543
21301 0.933421743224
21309 0.933736531637
21317 0.934050166144
21325 0.934362649113
21333 0.934673982916
21341 0.934984169930
21349 0.935293212538
21357 0.935601113126
21365 0.935907874086
21373 0.936213497814
21381 0.936517986712
21389 0.936821343185
21397 0.937123569644
21405 0.937424668502
21413 0.937724642180
21421 0.938023493100
21429 0.938321223691
21437 0.938617836383
21445 0.938913333614
21453 0.939207717824
21461 0.939500991456
21469 0.939793156959
21477 0.940084216785
21485 0.940374173390
21493 0.940663029235
21501 0.940950786782
21509 0.941237448499
21517 0.941523016858
21525 0.941807494332
21533 0.942090883399
21541 0.942373186542
21549 0.942654406246
21557 0.942934544998
21565 0.943213605290
21573 0.943491589617
21581 0.943768500477
21589 0.944044340372
21597 0.944319111805
21605 0.944592817284
21613 0.944865459319
21621 0.945137040423
21629 0.945407563113
21637 0.945677029906
21645 0.945945443324
21653 0.946212805891
21661 0.946479120135
21669 0.946744388585
21677 0.947008613771
21685 0.947271798230
21693 0.947533944497
21701 0.947795055111
21709 0.948055132614
21717 0.948314179549
21725 0.948572198462
21733 0.948829191901
21741 0.949085162416
21749 0.949340112559
21757 0.949594044884
21765 0.949846961946
21773 0.950098866303
21781 0.950349760516
21789 0.950599647145
21797 0.950848528752
21805 0.951096407904
21813 0.951343287165
21821 0.951589169104
21829 0.951834056290
21837 0.952077951294
21845 0.952320856688
21853 0.952562775044
21861 0.952803708939
21869 0.953043660947
21877 0.953282633647
21885 0.953520629615
21893 0.953757651432
21901 0.953993701678
21909 0.954228782934
21917 0.954462897783
21925 0.954696048808
21933 0.954928238592
21941 0.955159469720
21949 0.955389744779
21957 0.955619066353
21965 0.955847437031
21973 0.956074859399
21981 0.956301336045
21989 0.956526869559
21997 0.956751462527
22005 0.956975117541
22013 0.957197837189
22021 0.957419624062
22029 0.957640480749
22037 0.957860409842
22045 0.958079413929
22053 0.958297495603
22061 0.958514657454
22069 0.958730902072
22077 0.958946232048
22085 0.959160649973
22093 0.959374158438
22101 0.959586760032
22109 0.959798457345
22117 0.960009252968
22125 0.960219149490
22133 0.960428149500
22141 0.960636255587
22149 0.960843470339
22157 0.961049796344
22165 0.961255236190
22173 0.961459792463
22181 0.961663467749
22189 0.961866264634
22197 0.962068185703
22205 0.962269233539
22213 0.962469410726
22221 0.962668719847
22229 0.962867163482
22237 0.963064744213
22245 0.963261464619
22253 0.963457327279
22261 0.963652334770
22269 0.963846489669
22277 0.964039794552
22285 0.964232251992
22293 0.964423864563
22301 0.964614634837
22309 0.964804565384
22317 0.964993658773
22325 0.965181917572
22333 0.965369344347
22341 0.965555941664
22349 0.965741712087
22357 0.965926658176
22365 0.966110782492
22373 0.966294087595
22381 0.966476576041
22389 0.966658250386
22397 0.966839113183
22405 0.967019166986
22413 0.967198414342
22421 0.967376857803
22429 0.967554499913
22437 0.967731343217
22445 0.967907390258
22453 0.968082643577
22461 0.968257105712
22469 0.968430779201
22477 0.968603666577
22485 0.968775770373
22493 0.968947093119
22501 0.969117637344
22509 0.969287405573
22517 0.969456400329
22525 0.969624624135
22533 0.969792079509
22541 0.969958768967
22549 0.970124695024
22557 0.970289860192
22565 0.970454266979
22573 0.970617917893
22581 0.970780815438
22589 0.970942962115
22597 0.971104360424
22605 0.971265012861
22613 0.971424921919
22621 0.971584090091
22629 0.971742519863
22637 0.971900213723
22645 0.972057174152
22653 0.972213403630
22661 0.972368904635
22669 0.972523679641
22677 0.972677731119
22685 0.972831061538
22693 0.972983673363
22701 0.973135569055
22709 0.973286751076
22717 0.973437221880
22725 0.973586983922
22733 0.973736039650
22741 0.973884391512
22749 0.974032041953
22757 0.974178993411
22765 0.974325248325
22773 0.974470809128
22781 0.974615678251
22789 0.974759858122
22797 0.974903351164
22805 0.975046159798
22813 0.975188286442
22821 0.975329733509
22829 0.975470503409
22837 0.975610598549
22845 0.975750021334
22853 0.975888774161
22861 0.976026859428
22869 0.976164279528
22877 0.976301036849
22885 0.976437133777
22893 0.976572572693
22901 0.976707355975
22909 0.976841485999
22917 0.976974965133
22925 0.977107795746
22933 0.977239980200
22941 0.977371520855
22949 0.977502420065
22957 0.977632680183
22965 0.977762303555
22973 0.977891292526
22981 0.978019649436
22989 0.978147376620
22997 0.978274476411
23005 0.978400951135
23013 0.978526803118
23021 0.978652034679
23029 0.978776648133
23037 0.978900645792
23045 0.979024029965
23053 0.979146802954
23061 0.979268967059
23069 0.979390524575
23077 0.979511477792
23085 0.979631828999
23093 0.979751580477
23101 0.979870734505
23109 0.979989293356
23117 0.980107259301
23125 0.980224634605
23133 0.980341421529
23141 0.980457622330
23149 0.980573239260
23157 0.980688274568
23165 0.980802730497
23173 0.980916609287
23181 0.981029913172
23189 0.981142644383
23197 0.981254805145
23205 0.981366397681
23213 0.981477424207
23221 0.981587886936
23229 0.981697788075
23237 0.981807129828
23245 0.981915914394
23253 0.982024143967
23261 0.982131820736
23269 0.982238946887
23277 0.982345524600
23285 0.982451556051
23293 0.982557043411
23301 0.982661988846
23309 0.982766394518
23317 0.982870262584
23325 0.982973595197
23333 0.983076394504
23341 0.983178662647
23349 0.983280401766
23357 0.983381613993
23365 0.983482301457
23373 0.983582466281
23381 0.983682110585
23389 0.983781236483
23397 0.983879846084
23405 0.983977941492
23413 0.984075524807
23421 0.984172598124
23429 0.984269163532
23437 0.984365223117
23445 0.984460778958
23453 0.984555833131
23461 0.984650387705
23469 0.984744444747
23477 0.984838006316
23485 0.984931074467
23493 0.985023651251
23501 0.985115738713
23509 0.985207338895
23517 0.985298453830
23525 0.985389085549
23533 0.985479236078
23541 0.985568907437
23549 0.985658101641
23557 0.985746820701
23565 0.985835066621
23573 0.985922841402
23581 0.986010147038
23589 0.986096985520
23597 0.986183358833
23605 0.986269268955
23613 0.986354717862
23621 0.986439707524
23629 0.986524239904
23637 0.986608316961
23645 0.986691940651
23653 0.986775112921
23661 0.986857835716
23669 0.986940110975
23677 0.987021940630
23685 0.987103326610
23693 0.987184270838
23701 0.987264775232
23709 0.987344841706
23717 0.987424472165
23725 0.987503668513
23733 0.987582432647
23741 0.987660766458
23749 0.987738671834
23757 0.987816150655
23765 0.987893204799
23773 0.987969836136
23781 0.988046046531
23789 0.988121837846
23797 0.988197211935
23805 0.988272170649
23813 0.988346715832
23821 0.988420849324
23829 0.988494572958
23837 0.988567888565
23845 0.988640797968
23853 0.988713302984
23861 0.988785405428
23869 0.988857107106
23877 0.988928409822
23885 0.988999315373
23893 0.989069825551
23901 0.989139942143
23909 0.989209666929
23917 0.989279001686
23925 0.989347948186
23933 0.989416508192
23941 0.989484683466
23949 0.989552475763
23957 0.989619886831
23965 0.989686918416
23973 0.989753572256
23981 0.989819850085
23989 0.989885753632
23997 0.989951284619
24005 0.990016444763
24013 0.990081235779
24021 0.990145659372
24029 0.990209717244
24037 0.990273411092
24045 0.990336742608
24053 0.990399713476
24061 0.990462325378
24069 0.990524579988
24077 0.990586478977
24085 0.990648024009
24093 0.990709216744
24101 0.990770058835
24109 0.990830551931
24117 0.990890697676
24125 0.990950497707
24133 0.991009953658
24141 0.991069067155
24149 0.991127839822
24157 0.991186273274
24165 0.991244369123
24173 0.991302128976
24181 0.991359554433
24189 0.991416647091
24197 0.991473408539
24205 0.991529840362
24213 0.991585944141
24221 0.991641721450
24229 0.991697173857
24237 0.991752302928
24245 0.991807110221
24253 0.991861597288
24261 0.991915765679
24269 0.991969616936
24277 0.992023152596
24285 0.992076374193
24293 0.992129283252
24301 0.992181881296
24309 0.992234169842
24317 0.992286150401
24325 0.992337824478
24333 0.992389193575
24341 0.992440259187
24349 0.992491022806
24357 0.992541485915
24365 0.992591649995
24373 0.992641516520
24381 0.992691086960
24389 0.992740362780
24397 0.992789345439
24405 0.992838036389
24413 0.992886437081
24421 0.992934548958
24429 0.992982373457
24437 0.993029912013
24445 0.993077166053
24453 0.993124137000
24461 0.993170826272
24469 0.993217235281
24477 0.993263365435
24485 0.993309218135
24493 0.993354794780
24501 0.993400096760
24509 0.993445125464
24517 0.993489882271
24525 0.993534368560
24533 0.993578585702
24541 0.993622535063
24549 0.993666218004
24557 0.993709635882
24565 0.993752790047
24573 0.993795681847
24581 0.993838312621
24589 0.993880683706
24597 0.993922796433
24605 0.993964652128
24613 0.994006252111
24621 0.994047597698
24629 0.994088690201
24637 0.994129530924
24645 0.994170121169
24653 0.994210462230
24661 0.994250555400
24669 0.994290401964
24677 0.994330003202
24685 0.994369360391
24693 0.994408474801
24701 0.994447347698
24709 0.994485980343
24717 0.994524373993
24725 0.994562529897
24733 0.994600449303
24741 0.994638133452
24749 0.994675583579
24757 0.994712800918
24765 0.994749786693
24773 0.994786542126
24781 0.994823068436
24789 0.994859366833
24797 0.994895438524
24805 0.994931284712
24813 0.994966906594
24821 0.995002305364
24829 0.995037482207
24837 0.995072438309
24845 0.995107174846
24853 0.995141692992
24861 0.995175993916
24869 0.995210078781
24877 0.995243948747
24885 0.995277604968
24893 0.995311048593
24901 0.995344280767
24909 0.995377302630
24917 0.995410115319
24925 0.995442719962
24933 0.995475117687
24941 0.995507309615
24949 0.995539296861
24957 0.995571080539
24965 0.995602661756
24973 0.995634041613
24981 0.995665221210
24989 0.995696201639
24997 0.995726983989
25005 0.995757569345
25013 0.995787958785
25021 0.995818153386
25029 0.995848154216
25037 0.995877962343
25045 0.995907578827
25053 0.995937004725
25061 0.995966241090
25069 0.995995288968
25077 0.996024149403
25085 0.996052823435
25093 0.996081312095
25101 0.996109616416
25109 0.996137737421
25117 0.996165676132
25125 0.996193433564
25133 0.996221010729
25141 0.996248408636
25149 0.996275628287
25157 0.996302670680
25165 0.996329536810
25173 0.996356227666
25181 0.996382744235
25189 0.996409087496
25197 0.996435258427
25205 0.996461258000
25213 0.996487087183
25221 0.996512746940
25229 0.996538238230
25237 0.996563562009
25245 0.996588719226
25253 0.996613710830
25261 0.996638537761
25269 0.996663200959
25277 0.996687701356
25285 0.996712039883
25293 0.996736217464
25301 0.996760235021
25309 0.996784093471
25317 0.996807793727
25325 0.996831336697
25333 0.996854723285
25341 0.996877954393
25349 0.996901030915
25357 0.996923953745
25365 0.996946723769
25373 0.996969341872
25381 0.996991808933
25389 0.997014125829
25397 0.997036293430
25405 0.997058312604
25413 0.997080184215
25421 0.997101909121
25429 0.997123488179
25437 0.997144922240
25445 0.997166212151
25453 0.997187358755
25461 0.997208362893
25469 0.997229225398
25477 0.997249947104
25485 0.997270528837
25493 0.997290971422
25501 0.997311275677
25509 0.997331442419
25517 0.997351472460
25525 0.997371366608
25533 0.997391125666
25541 0.997410750436
25549 0.997430241713
25557 0.997449600291
25565 0.997468826958
25573 0.997487922499
25581 0.997506887696
25589 0.997525723326
25597 0.997544430162
25605 0.997563008975
25613 0.997581460531
25621 0.997599785592
25629 0.997617984917
25637 0.997636059260
25645 0.997654009374
25653 0.997671836006
25661 0.997689539899
25669 0.997707121794
25677 0.997724582428
25685 0.997741922534
25693 0.997759142840
25701 0.997776244073
25709 0.997793226955
25717 0.997810092204
25725 0.997826840536
25733 0.997843472661
25741 0.997859989287
25749 0.997876391120
25757 0.997892678859
25765 0.997908853202
25773 0.997924914842
25781 0.997940864471
25789 0.997956702773
25797 0.997972430434
25805 0.997988048132
25813 0.998003556545
25821 0.998018956344
25829 0.998034248200
25837 0.998049432778
25845 0.998064510742
25853 0.998079482751
25861 0.998094349460
25869 0.998109111522
25877 0.998123769587
25885 0.998138324300
25893 0.998152776304
25901 0.998167126238
25909 0.998181374739
25917 0.998195522438
25925 0.998209569966
25933 0.998223517947
25941 0.998237367006
25949 0.998251117762
25957 0.998264770831
25965 0.998278326827
25973 0.998291786358
25981 0.998305150033
25989 0.998318418455
25997 0.998331592224
26005 0.998344671937
26013 0.998357658189
26021 0.998370551570
26029 0.998383352669
26037 0.998396062069
26045 0.998408680354
26053 0.998421208101
26061 0.998433645885
26069 0.998445994280
26077 0.998458253855
26085 0.998470425175
26093 0.998482508805
26101 0.998494505304
26109 0.998506415230
26117 0.998518239137
26125 0.998529977576
26133 0.998541631096
26141 0.998553200242
26149 0.998564685557
26157 0.998576087579
26165 0.998587406847
26173 0.998598643892
26181 0.998609799246
26189 0.998620873437
26197 0.998631866990
26205 0.998642780427
26213 0.998653614267
26221 0.998664369027
26229 0.998675045220
26237 0.998685643357
26245 0.998696163947
26253 0.998706607493
26261 0.998716974499
26269 0.998727265464
26277 0.998737480886
26285 0.998747621257
26293 0.998757687070
26301 0.998767678814
26309 0.998777596973
26317 0.998787442032
26325 0.998797214471
26333 0.998806914767
26341 0.998816543397
26349 0.998826100831
26357 0.998835587542
26365 0.998845003994
26373 0.998854350654
26381 0.998863627983
26389 0.998872836441
26397 0.998881976484
26405 0.998891048566
26413 0.998900053140
26421 0.998908990654
26429 0.998917861555
26437 0.998926666287
26445 0.998935405291
26453 0.998944079006
26461 0.998952687869
26469 0.998961232313
26477 0.998969712771
26485 0.998978129671
26493 0.998986483440
26501 0.998994774502
26509 0.999003003278
26517 0.999011170187
26525 0.999019275648
26533 0.999027320073
26541 0.999035303875
26549 0.999043227464
26557 0.999051091246
26565 0.999058895628
26573 0.999066641010
26581 0.999074327795
26589 0.999081956378
26597 0.999089527156
26605 0.999097040523
26613 0.999104496868
26621 0.999111896581
26629 0.999119240048
26637 0.999126527654
26645 0.999133759779
26653 0.999140936804
26661 0.999148059105
26669 0.999155127059
26677 0.999162141038
26685 0.999169101412
26693 0.999176008550
26701 0.999182862819
26709 0.999189664583
26717 0.999196414203
26725 0.999203112039
26733 0.999209758450
26741 0.999216353790
26749 0.999222898413
26757 0.999229392670
26765 0.999235836911
26773 0.999242231482
26781 0.999248576729
26789 0.999254872995
26797 0.999261120620
26805 0.999267319943
26813 0.999273471301
26821 0.999279575029
26829 0.999285631459
26837 0.999291640922
26845 0.999297603747
26853 0.999303520261
26861 0.999309390787
26869 0.999315215650
26877 0.999320995169
26885 0.999326729664
26893 0.999332419451
26901 0.999338064845
26909 0.999343666159
26917 0.999349223704
26925 0.999354737790
26933 0.999360208724
26941 0.999365636810
26949 0.999371022353
26957 0.999376365653
26965 0.999381667012
26973 0.999386926726
26981 0.999392145091
26989 0.999397322403
26997 0.999402458953
27005 0.999407555031
27013 0.999412610927
27021 0.999417626927
27029 0.999422603317
27037 0.999427540380
27045 0.999432438398
27053 0.999437297649
27061 0.999442118414
27069 0.999446900967
27077 0.999451645583
27085 0.999456352536
27093 0.999461022096
27101 0.999465654533
27109 0.999470250114
27117 0.999474809106
27125 0.999479331774
27133 0.999483818378
27141 0.999488269182
27149 0.999492684444
27157 0.999497064421
27165 0.999501409370
27173 0.999505719546
27181 0.999509995200
27189 0.999514236585
27197 0.999518443950
27205 0.999522617543
27213 0.999526757610
27221 0.999530864396
27229 0.999534938144
27237 0.999538979097
27245 0.999542987494
27253 0.999546963573
27261 0.999550907573
27269 0.999554819728
27277 0.999558700272
27285 0.999562549438
27293 0.999566367457
27301 0.999570154558
27309 0.999573910969
27317 0.999577636917
27325 0.999581332627
27333 0.999584998322
27341 0.999588634225
27349 0.999592240555
27357 0.999595817533
27365 0.999599365376
27373 0.999602884300
27381 0.999606374520
27389 0.999609836250
27397 0.999613269702
27405 0.999616675087
27413 0.999620052613
27421 0.999623402489
27429 0.999626724921
27437 0.999630020115
27445 0.999633288275
27453 0.999636529602
27461 0.999639744298
27469 0.999642932563
27477 0.999646094595
27485 0.999649230592
27493 0.999652340749
27501 0.999655425260
27509 0.999658484320
27517 0.999661518119
27525 0.999664526850
27533 0.999667510700
27541 0.999670469858
27549 0.999673404511
27557 0.999676314844
27565 0.999679201042
27573 0.999682063288
27581 0.999684901764
27589 0.999687716650
27597 0.999690508126
27605 0.999693276370
27613 0.999696021559
27621 0.999698743869
27629 0.999701443474
27637 0.999704120548
27645 0.999706775263
27653 0.999709407789
27661 0.999712018298
27669 0.999714606958
27677 0.999717173935
27685 0.999719719397
27693 0.999722243509
27701 0.999724746436
27709 0.999727228339
27717 0.999729689381
27725 0.999732129723
27733 0.999734549525
27741 0.999736948945
27749 0.999739328140
27757 0.999741687267
27765 0.999744026482
27773 0.999746345938
27781 0.999748645789
27789 0.999750926187
27797 0.999753187283
27805 0.999755429226
27813 0.999757652167
27821 0.999759856253
27829 0.999762041630
27837 0.999764208445
27845 0.999766356842
27853 0.999768486966
27861 0.999770598959
27869 0.999772692963
27877 0.999774769119
27885 0.999776827567
27893 0.999778868445
27901 0.999780891892
27909 0.999782898045
27917 0.999784887038
27925 0.999786859009
27933 0.999788814089
27941 0.999790752413
27949 0.999792674113
27957 0.999794579320
27965 0.999796468164
27973 0.999798340775
27981 0.999800197281
27989 0.999802037809
27997 0.999803862487
28005 0.999805671439
28013 0.999807464792
28021 0.999809242668
28029 0.999811005191
28037 0.999812752482
28045 0.999814484665
28053 0.999816201857
28061 0.999817904180
28069 0.999819591752
28077 0.999821264691
28085 0.999822923113
28093 0.999824567136
28101 0.999826196873
28109 0.999827812441
28117 0.999829413951
28125 0.999831001518
28133 0.999832575254
28141 0.999834135269
28149 0.999835681673
28157 0.999837214578
28165 0.999838734090
28173 0.999840240319
28181 0.999841733372
28189 0.999843213354
28197 0.999844680372
28205 0.999846134531
28213 0.999847575934
28221 0.999849004685
28229 0.999850420887
28237 0.999851824642
28245 0.999853216050
28253 0.999854595212
28261 0.999855962228
28269 0.999857317196
28277 0.999858660215
28285 0.999859991383
28293 0.999861310795
28301 0.999862618548
28309 0.999863914737
28317 0.999865199457
28325 0.999866472802
28333 0.999867734864
28341 0.999868985737
28349 0.999870225512
28357 0.999871454280
28365 0.999872672133
28373 0.999873879158
28381 0.999875075447
28389 0.999876261087
28397 0.999877436165
28405 0.999878600770
28413 0.999879754987
28421 0.999880898902
28429 0.999882032601
28437 0.999883156169
28445 0.999884269688
28453 0.999885373242
28461 0.999886466915
28469 0.999887550787
28477 0.999888624941
28485 0.999889689457
28493 0.999890744415
28501 0.999891789896
28509 0.999892825977
28517 0.999893852738
28525 0.999894870255
28533 0.999895878607
28541 0.999896877870
28549 0.999897868120
28557 0.999898849432
28565 0.999899821881
28573 0.999900785542
28581 0.999901740489
28589 0.999902686793
28597 0.999903624529
28605 0.999904553768
28613 0.999905474581
28621 0.999906387040
28629 0.999907291215
28637 0.999908187176
28645 0.999909074992
28653 0.999909954732
28661 0.999910826465
28669 0.999911690257
28677 0.999912546176
28685 0.999913394290
28693 0.999914234663
28701 0.999915067362
28709 0.999915892452
28717 0.999916709998
28725 0.999917520064
28733 0.999918322712
28741 0.999919118008
28749 0.999919906012
28757 0.999920686788
28765 0.999921460397
28773 0.999922226901
28781 0.999922986359
28789 0.999923738833
28797 0.999924484382
28805 0.999925223066
28813 0.999925954942
28821 0.999926680071
28829 0.999927398509
28837 0.999928110314
28845 0.999928815543
28853 0.999929514254
28861 0.999930206501
28869 0.999930892340
28877 0.999931571828
28885 0.999932245018
28893 0.999932911965
28901 0.999933572723
28909 0.999934227346
28917 0.999934875886
28925 0.999935518397
28933 0.999936154930
28941 0.999936785538
28949 0.999937410271
28957 0.999938029182
28965 0.999938642320
28973 0.999939249736
28981 0.999939851479
28989 0.999940447599
28997 0.999941038146
29005 0.999941623167
29013 0.999942202711
29021 0.999942776825
29029 0.999943345558
29037 0.999943908956
29045 0.999944467066
29053 0.999945019935
29061 0.999945567608
29069 0.999946110131
29077 0.999946647548
29085 0.999947179906
29093 0.999947707249
29101 0.999948229620
29109 0.999948747063
29117 0.999949259622
29125 0.999949767341
29133 0.999950270261
29141 0.999950768424
29149 0.999951261874
29157 0.999951750652
29165 0.999952234799
29173 0.999952714356
29181 0.999953189364
29189 0.999953659862
29197 0.999954125893
29205 0.999954587493
29213 0.999955044705
29221 0.999955497565
29229 0.999955946114
29237 0.999956390389
29245 0.999956830428
29253 0.999957266270
29261 0.999957697951
29269 0.999958125510
29277 0.999958548982
29285 0.999958968404
29293 0.999959383814
29301 0.999959795245
29309 0.999960202735
29317 0.999960606319
29325 0.999961006031
29333 0.999961401906
29341 0.999961793979
29349 0.999962182285
29357 0.999962566856
29365 0.999962947727
29373 0.999963324931
29381 0.999963698502
29389 0.999964068471
29397 0.999964434871
29405 0.999964797735
29413 0.999965157095
29421 0.999965512982
29429 0.999965865428
29437 0.999966214464
29445 0.999966560121
29453 0.999966902430
29461 0.999967241421
29469 0.999967577124
29477 0.999967909569
29485 0.999968238786
29491 1.0
