20480.000
4096 0.000031835008
4106 0.000032164949
4116 0.000032498124
4126 0.000032834564
4136 0.000033174299
4146 0.000033517358
4156 0.000033863773
4166 0.000034213574
4176 0.000034566791
4186 0.000034923457
4196 0.000035283602
4206 0.000035647259
4216 0.000036014460
4226 0.000036385236
4236 0.000036759621
4246 0.000037137648
4256 0.000037519348
4266 0.000037904757
4276 0.000038293907
4286 0.000038686833
4296 0.000039083569
4306 0.000039484149
4316 0.000039888608
4326 0.000040296982
4336 0.000040709305
4346 0.000041125614
4356 0.000041545945
4366 0.000041970333
4376 0.000042398816
4386 0.000042831431
4396 0.000043268214
4406 0.000043709203
4416 0.000044154436
4426 0.000044603951
4436 0.000045057787
4446 0.000045515983
4456 0.000045978577
4466 0.000046445609
4476 0.000046917119
4486 0.000047393146
4496 0.000047873733
4506 0.000048358918
4516 0.000048848743
4526 0.000049343250
4536 0.000049842480
4546 0.000050346476
4556 0.000050855280
4566 0.000051368934
4576 0.000051887483
4586 0.000052410968
4596 0.000052939435
4606 0.000053472928
4616 0.000054011490
4626 0.000054555168
4636 0.000055104006
4646 0.000055658050
4656 0.000056217346
4666 0.000056781940
4676 0.000057351880
4686 0.000057927212
4696 0.000058507984
4706 0.000059094244
4716 0.000059686040
4726 0.000060283421
4736 0.000060886436
4746 0.000061495135
4756 0.000062109568
4766 0.000062729784
4776 0.000063355835
4786 0.000063987771
4796 0.000064625645
4806 0.000065269508
4816 0.000065919412
4826 0.000066575411
4836 0.000067237557
4846 0.000067905904
4856 0.000068580506
4866 0.000069261418
4876 0.000069948694
4886 0.000070642391
4896 0.000071342563
4906 0.000072049267
4916 0.000072762559
4926 0.000073482498
4936 0.000074209140
4946 0.000074942543
4956 0.000075682766
4966 0.000076429868
4976 0.000077183908
4986 0.000077944946
4996 0.000078713043
5006 0.000079488259
5016 0.000080270656
5026 0.000081060296
5036 0.000081857240
5046 0.000082661552
5056 0.000083473295
5066 0.000084292533
5076 0.000085119329
5086 0.000085953749
5096 0.000086795859
5106 0.000087645723
5116 0.000088503408
5126 0.000089368980
5136 0.000090242508
5146 0.000091124060
5156 0.000092013702
5166 0.000092911505
5176 0.000093817538
5186 0.000094731871
5196 0.000095654574
5206 0.000096585718
5216 0.000097525376
5226 0.000098473618
5236 0.000099430519
5246 0.000100396151
5256 0.000101370588
5266 0.000102353904
5276 0.000103346176
5286 0.000104347477
5296 0.000105357884
5306 0.000106377475
5316 0.000107406326
5326 0.000108444515
5336 0.000109492121
5346 0.000110549223
5356 0.000111615900
5366 0.000112692234
5376 0.000113778304
5386 0.000114874193
5396 0.000115979982
5406 0.000117095755
5416 0.000118221594
5426 0.000119357585
5436 0.000120503811
5446 0.000121660358
5456 0.000122827311
5466 0.000124004758
5476 0.000125192786
5486 0.000126391483
5496 0.000127600937
5506 0.000128821237
5516 0.000130052475
5526 0.000131294739
5536 0.000132548121
5546 0.000133812714
5556 0.000135088610
5566 0.000136375902
5576 0.000137674685
5586 0.000138985053
5596 0.000140307102
5606 0.000141640927
5616 0.000142986626
5626 0.000144344297
5636 0.000145714037
5646 0.000147095946
5656 0.000148490123
5666 0.000149896669
5676 0.000151315686
5686 0.000152747275
5696 0.000154191539
5706 0.000155648582
5716 0.000157118508
5726 0.000158601422
5736 0.000160097430
5746 0.000161606638
5756 0.000163129154
5766 0.000164665087
5776 0.000166214544
5786 0.000167777636
5796 0.000169354474
5806 0.000170945169
5816 0.000172549832
5826 0.000174168578
5836 0.000175801520
5846 0.000177448772
5856 0.000179110451
5866 0.000180786672
5876 0.000182477552
5886 0.000184183210
5896 0.000185903765
5906 0.000187639336
5916 0.000189390045
5926 0.000191156011
5936 0.000192937359
5946 0.000194734210
5956 0.000196546690
5966 0.000198374923
5976 0.000200219035
5986 0.000202079154
5996 0.000203955406
6006 0.000205847920
6016 0.000207756827
6026 0.000209682255
6036 0.000211624338
6046 0.000213583207
6056 0.000215558996
6066 0.000217551839
6076 0.000219561870
6086 0.000221589227
6096 0.000223634047
6106 0.000225696467
6116 0.000227776626
6126 0.000229874666
6136 0.000231990726
6146 0.000234124949
6156 0.000236277478
6166 0.000238448456
6176 0.000240638030
6186 0.000242846345
6196 0.000245073549
6206 0.000247319789
6216 0.000249585214
6226 0.000251869976
6236 0.000254174225
6246 0.000256498113
6256 0.000258841795
6266 0.000261205424
6276 0.000263589156
6286 0.000265993148
6296 0.000268417557
6306 0.000270862543
6316 0.000273328265
6326 0.000275814884
6336 0.000278322563
6346 0.000280851464
6356 0.000283401753
6366 0.000285973595
6376 0.000288567155
6386 0.000291182603
6396 0.000293820108
6406 0.000296479838
6416 0.000299161966
6426 0.000301866665
6436 0.000304594107
6446 0.000307344468
6456 0.000310117924
6466 0.000312914652
6476 0.000315734830
6486 0.000318578638
6496 0.000321446258
6506 0.000324337870
6516 0.000327253659
6526 0.000330193810
6536 0.000333158507
6546 0.000336147939
6556 0.000339162293
6566 0.000342201759
6576 0.000345266529
6586 0.000348356794
6596 0.000351472747
6606 0.000354614585
6616 0.000357782502
6626 0.000360976697
6636 0.000364197368
6646 0.000367444714
6656 0.000370718939
6666 0.000374020244
6676 0.000377348833
6686 0.000380704912
6696 0.000384088689
6706 0.000387500370
6716 0.000390940166
6726 0.000394408288
6736 0.000397904948
6746 0.000401430360
6756 0.000404984739
6766 0.000408568302
6776 0.000412181267
6786 0.000415823854
6796 0.000419496283
6806 0.000423198777
6816 0.000426931559
6826 0.000430694856
6836 0.000434488894
6846 0.000438313901
6856 0.000442170107
6866 0.000446057743
6876 0.000449977042
6886 0.000453928239
6896 0.000457911569
6906 0.000461927271
6916 0.000465975581
6926 0.000470056742
6936 0.000474170995
6946 0.000478318584
6956 0.000482499754
6966 0.000486714752
6976 0.000490963825
6986 0.000495247225
6996 0.000499565203
7006 0.000503918011
7016 0.000508305905
7026 0.000512729141
7036 0.000517187977
7046 0.000521682673
7056 0.000526213490
7066 0.000530780692
7076 0.000535384543
7086 0.000540025309
7096 0.000544703259
7106 0.000549418662
7116 0.000554171790
7126 0.000558962917
7136 0.000563792317
7146 0.000568660267
7156 0.000573567045
7166 0.000578512932
7176 0.000583498209
7186 0.000588523161
7196 0.000593588073
7206 0.000598693232
7216 0.000603838928
7226 0.000609025451
7236 0.000614253094
7246 0.000619522153
7256 0.000624832922
7266 0.000630185701
7276 0.000635580790
7286 0.000641018490
7296 0.000646499106
7306 0.000652022943
7316 0.000657590310
7326 0.000663201514
7336 0.000668856870
7346 0.000674556688
7356 0.000680301286
7366 0.000686090979
7376 0.000691926088
7386 0.000697806934
7396 0.000703733839
7406 0.000709707129
7416 0.000715727131
7426 0.000721794174
7436 0.000727908590
7446 0.000734070711
7456 0.000740280873
7466 0.000746539412
7476 0.000752846669
7486 0.000759202984
7496 0.000765608700
7506 0.000772064165
7516 0.000778569724
7526 0.000785125727
7536 0.000791732527
7546 0.000798390478
7556 0.000805099934
7566 0.000811861255
7576 0.000818674800
7586 0.000825540933
7596 0.000832460018
7606 0.000839432421
7616 0.000846458511
7626 0.000853538661
7636 0.000860673242
7646 0.000867862632
7656 0.000875107207
7666 0.000882407348
7676 0.000889763437
7686 0.000897175858
7696 0.000904644999
7706 0.000912171249
7716 0.000919754999
7726 0.000927396643
7736 0.000935096577
7746 0.000942855200
7756 0.000950672911
7766 0.000958550115
7776 0.000966487216
7786 0.000974484623
7796 0.000982542745
7806 0.000990661995
7816 0.000998842788
7826 0.001007085542
7836 0.001015390676
7846 0.001023758612
7856 0.001032189775
7866 0.001040684592
7876 0.001049243493
7886 0.001057866910
7896 0.001066555277
7906 0.001075309032
7916 0.001084128613
7926 0.001093014463
7936 0.001101967026
7946 0.001110986750
7956 0.001120074084
7966 0.001129229481
7976 0.001138453395
7986 0.001147746283
7996 0.001157108606
8006 0.001166540826
8016 0.001176043408
8026 0.001185616821
8036 0.001195261534
8046 0.001204978021
8056 0.001214766758
8066 0.001224628222
8076 0.001234562896
8086 0.001244571262
8096 0.001254653808
8106 0.001264811023
8116 0.001275043399
8126 0.001285351430
8136 0.001295735614
8146 0.001306196451
8156 0.001316734444
8166 0.001327350100
8176 0.001338043926
8186 0.001348816434
8196 0.001359668138
8206 0.001370599556
8216 0.001381611206
8226 0.001392703613
8236 0.001403877302
8246 0.001415132801
8256 0.001426470641
8266 0.001437891358
8276 0.001449395487
8286 0.001460983570
8296 0.001472656149
8306 0.001484413771
8316 0.001496256984
8326 0.001508186340
8336 0.001520202395
8346 0.001532305706
8356 0.001544496835
8366 0.001556776344
8376 0.001569144802
8386 0.001581602778
8396 0.001594150846
8406 0.001606789581
8416 0.001619519563
8426 0.001632341374
8436 0.001645255600
8446 0.001658262829
8456 0.001671363653
8466 0.001684558666
8476 0.001697848467
8486 0.001711233657
8496 0.001724714840
8506 0.001738292624
8516 0.001751967619
8526 0.001765740439
8536 0.001779611702
8546 0.001793582027
8556 0.001807652038
8566 0.001821822363
8576 0.001836093630
8586 0.001850466475
8596 0.001864941533
8606 0.001879519444
8616 0.001894200852
8626 0.001908986403
8636 0.001923876747
8646 0.001938872538
8656 0.001953974433
8666 0.001969183091
8676 0.001984499176
8686 0.001999923355
8696 0.002015456297
8706 0.002031098678
8716 0.002046851174
8726 0.002062714465
8736 0.002078689236
8746 0.002094776174
8756 0.002110975971
8766 0.002127289320
8776 0.002143716920
8786 0.002160259472
8796 0.002176917682
8806 0.002193692258
8816 0.002210583912
8826 0.002227593360
8836 0.002244721321
8846 0.002261968519
8856 0.002279335680
8866 0.002296823533
8876 0.002314432814
8886 0.002332164259
8896 0.002350018609
8906 0.002367996609
8916 0.002386099008
8926 0.002404326557
8936 0.002422680013
8946 0.002441160135
8956 0.002459767686
8966 0.002478503434
8976 0.002497368149
8986 0.002516362605
8996 0.002535487582
9006 0.002554743860
9016 0.002574132226
9026 0.002593653470
9036 0.002613308385
9046 0.002633097769
9056 0.002653022422
9066 0.002673083150
9076 0.002693280762
9086 0.002713616070
9096 0.002734089891
9106 0.002754703046
9116 0.002775456360
9126 0.002796350660
9136 0.002817386780
9146 0.002838565555
9156 0.002859887826
9166 0.002881354437
9176 0.002902966236
9186 0.002924724077
9196 0.002946628814
9206 0.002968681309
9216 0.002990882425
9226 0.003013233032
9236 0.003035734001
9246 0.003058386210
9256 0.003081190538
9266 0.003104147871
9276 0.003127259097
9286 0.003150525109
9296 0.003173946805
9306 0.003197525085
9316 0.003221260855
9326 0.003245155024
9336 0.003269208507
9346 0.003293422221
9356 0.003317797087
9366 0.003342334033
9376 0.003367033989
9386 0.003391897890
9396 0.003416926674
9406 0.003442121286
9416 0.003467482671
9426 0.003493011783
9436 0.003518709577
9446 0.003544577014
9456 0.003570615058
9466 0.003596824678
9476 0.003623206848
9486 0.003649762546
9496 0.003676492753
9506 0.003703398455
9516 0.003730480644
9526 0.003757740315
9536 0.003785178468
9546 0.003812796106
9556 0.003840594237
9566 0.003868573875
9576 0.003896736037
9586 0.003925081744
9596 0.003953612024
9606 0.003982327906
9616 0.004011230425
9626 0.004040320621
9636 0.004069599539
9646 0.004099068228
9656 0.004128727739
9666 0.004158579131
9676 0.004188623467
9686 0.004218861813
9696 0.004249295241
9706 0.004279924826
9716 0.004310751649
9726 0.004341776796
9736 0.004373001355
9746 0.004404426423
9756 0.004436053097
9766 0.004467882481
9776 0.004499915684
9786 0.004532153818
9796 0.004564598002
9806 0.004597249357
9816 0.004630109011
9826 0.004663178095
9836 0.004696457747
9846 0.004729949106
9856 0.004763653319
9866 0.004797571536
9876 0.004831704913
9886 0.004866054610
9896 0.004900621792
9906 0.004935407629
9916 0.004970413294
9926 0.005005639968
9936 0.005041088834
9946 0.005076761081
9956 0.005112657903
9966 0.005148780498
9976 0.005185130070
9986 0.005221707826
9996 0.005258514980
10006 0.005295552751
10016 0.005332822359
10026 0.005370325034
10036 0.005408062008
10046 0.005446034517
10056 0.005484243806
10066 0.005522691120
10076 0.005561377712
10086 0.005600304839
10096 0.005639473764
10106 0.005678885753
10116 0.005718542078
10126 0.005758444016
10136 0.005798592850
10146 0.005838989865
10156 0.005879636354
10166 0.005920533614
10176 0.005961682946
10186 0.006003085658
10196 0.006044743061
10206 0.006086656473
10216 0.006128827215
10226 0.006171256614
10236 0.006213946002
10246 0.006256896717
10256 0.006300110100
10266 0.006343587499
10276 0.006387330266
10286 0.006431339759
10296 0.006475617340
10306 0.006520164375
10316 0.006564982240
10326 0.006610072310
10336 0.006655435968
10346 0.006701074604
10356 0.006746989610
10366 0.006793182383
10376 0.006839654328
10386 0.006886406854
10396 0.006933441373
10406 0.006980759305
10416 0.007028362073
10426 0.007076251108
10436 0.007124427842
10446 0.007172893716
10456 0.007221650175
10466 0.007270698667
10476 0.007320040649
10486 0.007369677581
10496 0.007419610928
10506 0.007469842161
10516 0.007520372755
10526 0.007571204192
10536 0.007622337959
10546 0.007673775546
10556 0.007725518450
10566 0.007777568174
10576 0.007829926225
10586 0.007882594116
10596 0.007935573363
10606 0.007988865491
10616 0.008042472026
10626 0.008096394504
10636 0.008150634462
10646 0.008205193445
10656 0.008260073002
10666 0.008315274688
10676 0.008370800062
10686 0.008426650689
10696 0.008482828141
10706 0.008539333992
10716 0.008596169823
10726 0.008653337222
10736 0.008710837779
10746 0.008768673091
10756 0.008826844761
10766 0.008885354396
10776 0.008944203608
10786 0.009003394016
10796 0.009062927242
10806 0.009122804917
10816 0.009183028672
10826 0.009243600149
10836 0.009304520991
10846 0.009365792848
10856 0.009427417376
10866 0.009489396234
10876 0.009551731089
10886 0.009614423612
10896 0.009677475479
10906 0.009740888372
10916 0.009804663978
10926 0.009868803990
10936 0.009933310104
10946 0.009998184025
10956 0.010063427460
10966 0.010129042122
10976 0.010195029732
10986 0.010261392013
10996 0.010328130694
11006 0.010395247511
11016 0.010462744203
11026 0.010530622517
11036 0.010598884203
11046 0.010667531017
11056 0.010736564720
11066 0.010805987079
11076 0.010875799866
11086 0.010946004859
11096 0.011016603840
11106 0.011087598597
11116 0.011158990923
11126 0.011230782616
11136 0.011302975481
11146 0.011375571326
11156 0.011448571966
11166 0.011521979219
11176 0.011595794912
11186 0.011670020875
11196 0.011744658942
11206 0.011819710954
11216 0.011895178757
11226 0.011971064203
11236 0.012047369148
11246 0.012124095453
11256 0.012201244986
11266 0.012278819619
11276 0.012356821228
11286 0.012435251697
11296 0.012514112914
11306 0.012593406772
11316 0.012673135168
11326 0.012753300007
11336 0.012833903197
11346 0.012914946652
11356 0.012996432291
11366 0.013078362039
11376 0.013160737824
11386 0.013243561582
11396 0.013326835252
11406 0.013410560779
11416 0.013494740114
11426 0.013579375211
11436 0.013664468031
11446 0.013750020540
11456 0.013836034708
11466 0.013922512511
11476 0.014009455929
11486 0.014096866950
11496 0.014184747563
11506 0.014273099765
11516 0.014361925557
11526 0.014451226945
11536 0.014541005942
11546 0.014631264562
11556 0.014722004828
11566 0.014813228766
11576 0.014904938408
11586 0.014997135790
11596 0.015089822953
11606 0.015183001944
11616 0.015276674815
11626 0.015370843622
11636 0.015465510426
11646 0.015560677293
11656 0.015656346296
11666 0.015752519509
11676 0.015849199015
11686 0.015946386899
11696 0.016044085252
11706 0.016142296170
11716 0.016241021754
11726 0.016340264109
11736 0.016440025346
11746 0.016540307580
11756 0.016641112930
11766 0.016742443522
11776 0.016844301485
11786 0.016946688953
11796 0.017049608067
11806 0.017153060969
11816 0.017257049809
11826 0.017361576740
11836 0.017466643919
11846 0.017572253510
11856 0.017678407681
11866 0.017785108602
11876 0.017892358452
11886 0.018000159412
11896 0.018108513667
11906 0.018217423408
11916 0.018326890831
11926 0.018436918136
11936 0.018547507526
11946 0.018658661211
11956 0.018770381405
11966 0.018882670324
11976 0.018995530193
11986 0.019108963237
11996 0.019222971688
12006 0.019337557782
12016 0.019452723759
12026 0.019568471864
12036 0.019684804346
12046 0.019801723459
12056 0.019919231460
12066 0.020037330611
12076 0.020156023179
12086 0.020275311434
12096 0.020395197652
12106 0.020515684112
12116 0.020636773098
12126 0.020758466896
12136 0.020880767800
12146 0.021003678104
12156 0.021127200111
12166 0.021251336123
12176 0.021376088449
12186 0.021501459402
12196 0.021627451300
12206 0.021754066461
12216 0.021881307212
12226 0.022009175881
12236 0.022137674801
12246 0.022266806308
12256 0.022396572744
12266 0.022526976453
12276 0.022658019783
12286 0.022789705087
12296 0.022922034721
12306 0.023055011045
12316 0.023188636423
12326 0.023322913223
12336 0.023457843816
12346 0.023593430577
12356 0.023729675885
12366 0.023866582123
12376 0.024004151677
12386 0.024142386937
12396 0.024281290296
12406 0.024420864151
12416 0.024561110902
12426 0.024702032955
12436 0.024843632716
12446 0.024985912597
12456 0.025128875013
12466 0.025272522380
12476 0.025416857121
12486 0.025561881661
12496 0.025707598427
12506 0.025854009851
12516 0.026001118367
12526 0.026148926414
12536 0.026297436434
12546 0.026446650869
12556 0.026596572168
12566 0.026747202782
12576 0.026898545165
12586 0.027050601773
12596 0.027203375066
12606 0.027356867508
12616 0.027511081565
12626 0.027666019705
12636 0.027821684401
12646 0.027978078127
12656 0.028135203361
12666 0.028293062585
12676 0.028451658280
12686 0.028610992934
12696 0.028771069036
12706 0.028931889076
12716 0.029093455550
12726 0.029255770954
12736 0.029418837789
12746 0.029582658556
12756 0.029747235760
12766 0.029912571909
12776 0.030078669512
12786 0.030245531082
12796 0.030413159134
12806 0.030581556184
12816 0.030750724752
12826 0.030920667360
12836 0.031091386531
12846 0.031262884793
12856 0.031435164674
12866 0.031608228705
12876 0.031782079418
12886 0.031956719348
12896 0.032132151033
12906 0.032308377012
12916 0.032485399826
12926 0.032663222018
12936 0.032841846132
12946 0.033021274717
12956 0.033201510321
12966 0.033382555494
12976 0.033564412789
12986 0.033747084760
12996 0.033930573963
13006 0.034114882955
13016 0.034300014296
13026 0.034485970546
13036 0.034672754267
13046 0.034860368025
13056 0.035048814383
13066 0.035238095908
13076 0.035428215170
13086 0.035619174736
13096 0.035810977178
13106 0.036003625069
13116 0.036197120981
13126 0.036391467488
13136 0.036586667168
13146 0.036782722596
13156 0.036979636350
13166 0.037177411009
13176 0.037376049154
13186 0.037575553364
13196 0.037775926222
13206 0.037977170311
13216 0.038179288213
13226 0.038382282513
13236 0.038586155795
13246 0.038790910647
13256 0.038996549653
13266 0.039203075400
13276 0.039410490477
13286 0.039618797471
13296 0.039827998971
13306 0.040038097565
13316 0.040249095842
13326 0.040460996393
13336 0.040673801807
13346 0.040887514674
13356 0.041102137585
13366 0.041317673129
13376 0.041534123899
13386 0.041751492484
13396 0.041969781475
13406 0.042188993463
13416 0.042409131038
13426 0.042630196792
13436 0.042852193313
13446 0.043075123193
13456 0.043298989020
13466 0.043523793386
13476 0.043749538878
13486 0.043976228087
13496 0.044203863599
13506 0.044432448002
13516 0.044661983886
13526 0.044892473834
13536 0.045123920435
13546 0.045356326273
13556 0.045589693932
13566 0.045824025998
13576 0.046059325051
13586 0.046295593676
13596 0.046532834452
13606 0.046771049960
13616 0.047010242779
13626 0.047250415487
13636 0.047491570661
13646 0.047733710877
13656 0.047976838708
13666 0.048220956729
13676 0.048466067510
13686 0.048712173623
13696 0.048959277636
13706 0.049207382116
13716 0.049456489630
13726 0.049706602742
13736 0.049957724014
13746 0.050209856007
13756 0.050463001280
13766 0.050717162391
13776 0.050972341895
13786 0.051228542346
13796 0.051485766294
13806 0.051744016290
13816 0.052003294881
13826 0.052263604613
13836 0.052524948027
13846 0.052787327666
13856 0.053050746067
13866 0.053315205767
13876 0.053580709299
13886 0.053847259196
13896 0.054114857984
13906 0.054383508192
13916 0.054653212342
13926 0.054923972955
13936 0.055195792549
13946 0.055468673640
13956 0.055742618740
13966 0.056017630359
13976 0.056293711002
13986 0.056570863175
13996 0.056849089376
14006 0.057128392105
14016 0.057408773853
14026 0.057690237114
14036 0.057972784373
14046 0.058256418116
14056 0.058541140823
14066 0.058826954972
14076 0.059113863036
14086 0.059401867485
14096 0.059690970786
14106 0.059981175402
14116 0.060272483791
14126 0.060564898409
14136 0.060858421708
14146 0.061153056134
14156 0.061448804131
14166 0.061745668139
14176 0.062043650591
14186 0.062342753921
14196 0.062642980553
14206 0.062944332911
14216 0.063246813412
14226 0.063550424471
14236 0.063855168496
14246 0.064161047893
14256 0.064468065060
14266 0.064776222394
14276 0.065085522285
14286 0.065395967120
14296 0.065707559278
14306 0.066020301136
14316 0.066334195066
14326 0.066649243433
14336 0.066965448599
14346 0.067282812919
14356 0.067601338744
14366 0.067921028420
14376 0.068241884286
14386 0.068563908678
14396 0.068887103925
14406 0.069211472349
14416 0.069537016270
14426 0.069863738001
14436 0.070191639847
14446 0.070520724110
14456 0.070850993085
14466 0.071182449062
14476 0.071515094324
14486 0.071848931148
14496 0.072183961805
14506 0.072520188562
14516 0.072857613677
14526 0.073196239402
14536 0.073536067984
14546 0.073877101663
14556 0.074219342673
14566 0.074562793240
14576 0.074907455586
14586 0.075253331924
14596 0.075600424461
14606 0.075948735398
14616 0.076298266928
14626 0.076649021238
14636 0.077001000507
14646 0.077354206909
14656 0.077708642609
14666 0.078064309765
14676 0.078421210530
14686 0.078779347046
14696 0.079138721450
14706 0.079499335872
14716 0.079861192434
14726 0.080224293250
14736 0.080588640426
14746 0.080954236063
14756 0.081321082250
14766 0.081689181072
14776 0.082058534604
14786 0.082429144914
14796 0.082801014063
14806 0.083174144101
14816 0.083548537073
14826 0.083924195013
14836 0.084301119951
14846 0.084679313904
14856 0.085058778883
14866 0.085439516890
14876 0.085821529919
14886 0.086204819956
14896 0.086589388977
14906 0.086975238950
14916 0.087362371834
14926 0.087750789579
14936 0.088140494128
14946 0.088531487412
14956 0.088923771355
14966 0.089317347872
14976 0.089712218869
14986 0.090108386240
14996 0.090505851874
15006 0.090904617648
15016 0.091304685431
15026 0.091706057080
15036 0.092108734445
15046 0.092512719367
15056 0.092918013675
15066 0.093324619189
15076 0.093732537721
15086 0.094141771070
15096 0.094552321029
15106 0.094964189377
15116 0.095377377886
15126 0.095791888316
15136 0.096207722419
15146 0.096624881935
15156 0.097043368593
15166 0.097463184114
15176 0.097884330207
15186 0.098306808571
15196 0.098730620895
15206 0.099155768856
15216 0.099582254122
15226 0.100010078348
15236 0.100439243182
15246 0.100869750257
15256 0.101301601197
15266 0.101734797616
15276 0.102169341115
15286 0.102605233286
15296 0.103042475706
15306 0.103481069946
15316 0.103921017563
15326 0.104362320101
15336 0.104804979095
15346 0.105248996069
15356 0.105694372533
15366 0.106141109988
15376 0.106589209920
15386 0.107038673807
15396 0.107489503114
15406 0.107941699292
15416 0.108395263782
15426 0.108850198014
15436 0.109306503404
15446 0.109764181357
15456 0.110223233265
15466 0.110683660509
15476 0.111145464456
15486 0.111608646462
15496 0.112073207871
15506 0.112539150012
15516 0.113006474205
15526 0.113475181755
15536 0.113945273955
15546 0.114416752085
15556 0.114889617412
15566 0.115363871193
15576 0.115839514667
15586 0.116316549065
15596 0.116794975601
15606 0.117274795479
15616 0.117756009888
15626 0.118238620005
15636 0.118722626993
15646 0.119208032001
15656 0.119694836166
15666 0.120183040612
15676 0.120672646448
15686 0.121163654770
15696 0.121656066660
15706 0.122149883187
15716 0.122645105406
15726 0.123141734359
15736 0.123639771072
15746 0.124139216560
15756 0.124640071823
15766 0.125142337844
15776 0.125646015597
15786 0.126151106039
15796 0.126657610112
15806 0.127165528746
15816 0.127674862856
15826 0.128185613341
15836 0.128697781089
15846 0.129211366969
15856 0.129726371840
15866 0.130242796544
15876 0.130760641908
15886 0.131279908745
15896 0.131800597854
15906 0.132322710019
15916 0.132846246008
15926 0.133371206575
15936 0.133897592459
15946 0.134425404383
15956 0.134954643057
15966 0.135485309174
15976 0.136017403413
15986 0.136550926437
15996 0.137085878893
16006 0.137622261416
16016 0.138160074621
16026 0.138699319111
16036 0.139239995473
16046 0.139782104276
16056 0.140325646077
16066 0.140870621415
16076 0.141417030814
16086 0.141964874782
16096 0.142514153812
16106 0.143064868380
16116 0.143617018947
16126 0.144170605958
16136 0.144725629840
16146 0.145282091008
16156 0.145839989858
16166 0.146399326770
16176 0.146960102109
16186 0.147522316222
16196 0.148085969441
16206 0.148651062083
16216 0.149217594445
16226 0.149785566812
16236 0.150354979448
16246 0.150925832604
16256 0.151498126512
16266 0.152071861390
16276 0.152647037437
16286 0.153223654836
16296 0.153801713754
16306 0.154381214340
16316 0.154962156728
16326 0.155544541032
16336 0.156128367353
16346 0.156713635772
16356 0.157300346354
16366 0.157888499146
16376 0.158478094181
16386 0.159069131472
16396 0.159661611015
16406 0.160255532789
16416 0.160850896757
16426 0.161447702864
16436 0.162045951036
16446 0.162645641184
16456 0.163246773201
16466 0.163849346961
16476 0.164453362323
16486 0.165058819126
16496 0.165665717192
16506 0.166274056328
16516 0.166883836319
16526 0.167495056936
16536 0.168107717930
16546 0.168721819035
16556 0.169337359967
16566 0.169954340426
16576 0.170572760090
16586 0.171192618623
16596 0.171813915669
16606 0.172436650855
16616 0.173060823790
16626 0.173686434063
16636 0.174313481247
16646 0.174941964897
16656 0.175571884549
16666 0.176203239720
16676 0.176836029910
16686 0.177470254601
16696 0.178105913256
16706 0.178743005318
16716 0.179381530216
16726 0.180021487357
16736 0.180662876130
16746 0.181305695906
16756 0.181949946039
16766 0.182595625863
16776 0.183242734692
16786 0.183891271825
16796 0.184541236539
16806 0.185192628095
16816 0.185845445733
16826 0.186499688677
16836 0.187155356129
16846 0.187812447275
16856 0.188470961282
16866 0.189130897296
16876 0.189792254447
16886 0.190455031845
16896 0.191119228579
16906 0.191784843724
16916 0.192451876331
16926 0.193120325435
16936 0.193790190051
16946 0.194461469176
16956 0.195134161787
16966 0.195808266842
16976 0.196483783282
16986 0.197160710025
16996 0.197839045973
17006 0.198518790008
17016 0.199199940993
17026 0.199882497772
17036 0.200566459169
17046 0.201251823990
17056 0.201938591021
17066 0.202626759030
17076 0.203316326763
17086 0.204007292949
17096 0.204699656298
17106 0.205393415500
17116 0.206088569225
17126 0.206785116124
17136 0.207483054831
17146 0.208182383956
17156 0.208883102095
17166 0.209585207820
17176 0.210288699687
17186 0.210993576230
17196 0.211699835966
17206 0.212407477390
17216 0.213116498981
17226 0.213826899194
17236 0.214538676469
17246 0.215251829223
17256 0.215966355857
17266 0.216682254749
17276 0.217399524260
17286 0.218118162731
17296 0.218838168482
17306 0.219559539816
17316 0.220282275014
17326 0.221006372339
17336 0.221731830035
17346 0.222458646324
17356 0.223186819412
17366 0.223916347481
17376 0.224647228698
17386 0.225379461208
17396 0.226113043136
17406 0.226847972589
17416 0.227584247654
17426 0.228321866397
17436 0.229060826867
17446 0.229801127091
17456 0.230542765078
17466 0.231285738817
17476 0.232030046277
17486 0.232775685408
17496 0.233522654141
17506 0.234270950385
17516 0.235020572032
17526 0.235771516954
17536 0.236523783003
17546 0.237277368011
17556 0.238032269792
17566 0.238788486138
17576 0.239546014823
17586 0.240304853603
17596 0.241065000211
17606 0.241826452364
17616 0.242589207757
17626 0.243353264067
17636 0.244118618949
17646 0.244885270043
17656 0.245653214965
17666 0.246422451315
17676 0.247192976671
17686 0.247964788593
17696 0.248737884621
17706 0.249512262276
17716 0.250287919059
17726 0.251064852453
17736 0.251843059919
17746 0.252622538901
17756 0.253403286824
17766 0.254185301091
17776 0.254968579088
17786 0.255753118180
17796 0.256538915716
17806 0.257325969021
17816 0.258114275404
17826 0.258903832153
17836 0.259694636540
17846 0.260486685813
17856 0.261279977205
17866 0.262074507928
17876 0.262870275174
17886 0.263667276117
17896 0.264465507913
17906 0.265264967697
17916 0.266065652585
17926 0.266867559675
17936 0.267670686046
17946 0.268475028758
17956 0.269280584850
17966 0.270087351346
17976 0.270895325247
17986 0.271704503537
17996 0.272514883182
18006 0.273326461128
18016 0.274139234302
18026 0.274953199613
18036 0.275768353950
18046 0.276584694186
18056 0.277402217171
18066 0.278220919740
18076 0.279040798709
18086 0.279861850873
18096 0.280684073010
18106 0.281507461881
18116 0.282332014225
18126 0.283157726765
18136 0.283984596206
18146 0.284812619232
18156 0.285641792510
18166 0.286472112690
18176 0.287303576403
18186 0.288136180259
18196 0.288969920853
18206 0.289804794761
18216 0.290640798541
18226 0.291477928731
18236 0.292316181853
18246 0.293155554410
18256 0.293996042888
18266 0.294837643754
18276 0.295680353457
18286 0.296524168428
18296 0.297369085081
18306 0.298215099812
18316 0.299062208998
18326 0.299910409000
18336 0.300759696160
18346 0.301610066803
18356 0.302461517236
18366 0.303314043750
18376 0.304167642615
18386 0.305022310087
18396 0.305878042403
18406 0.306734835782
18416 0.307592686427
18426 0.308451590524
18436 0.309311544240
18446 0.310172543725
18456 0.311034585114
18466 0.311897664523
18476 0.312761778052
18486 0.313626921781
18496 0.314493091778
18506 0.315360284091
18516 0.316228494751
18526 0.317097719773
18536 0.317967955155
18546 0.318839196879
18556 0.319711440909
18566 0.320584683193
18576 0.321458919664
18586 0.322334146235
18596 0.323210358807
18606 0.324087553261
18616 0.324965725463
18626 0.325844871263
18636 0.326724986494
18646 0.327606066973
18656 0.328488108503
18666 0.329371106868
18676 0.330255057837
18686 0.331139957163
18696 0.332025800584
18706 0.332912583822
18716 0.333800302582
18726 0.334688952555
18736 0.335578529415
18746 0.336469028821
18756 0.337360446416
18766 0.338252777829
18776 0.339146018672
18786 0.340040164543
18796 0.340935211023
18806 0.341831153679
18816 0.342727988064
18826 0.343625709713
18836 0.344524314149
18846 0.345423796878
18856 0.346324153392
18866 0.347225379169
18876 0.348127469670
18886 0.349030420344
18896 0.349934226622
18906 0.350838883925
18916 0.351744387656
18926 0.352650733204
18936 0.353557915945
18946 0.354465931241
18956 0.355374774438
18966 0.356284440868
18976 0.357194925851
18986 0.358106224692
18996 0.359018332681
19006 0.359931245095
19016 0.360844957198
19026 0.361759464239
19036 0.362674761455
19046 0.363590844067
19056 0.364507707285
19066 0.365425346304
19076 0.366343756307
19086 0.367262932463
19096 0.368182869927
19106 0.369103563842
19116 0.370025009338
19126 0.370947201532
19136 0.371870135528
19146 0.372793806417
19156 0.373718209278
19166 0.374643339175
19176 0.375569191164
19186 0.376495760284
19196 0.377423041563
19206 0.378351030019
19216 0.379279720654
19226 0.380209108461
19236 0.381139188419
19246 0.382069955496
19256 0.383001404647
19266 0.383933530817
19276 0.384866328937
19286 0.385799793929
19296 0.386733920701
19306 0.387668704150
19316 0.388604139163
19326 0.389540220614
19336 0.390476943366
19346 0.391414302272
19356 0.392352292173
19366 0.393290907900
19376 0.394230144270
19386 0.395169996094
19396 0.396110458167
19406 0.397051525279
19416 0.397993192204
19426 0.398935453709
19436 0.399878304550
19446 0.400821739471
19456 0.401765753208
19466 0.402710340486
19476 0.403655496020
19486 0.404601214514
19496 0.405547490664
19506 0.406494319154
19516 0.407441694662
19526 0.408389611851
19536 0.409338065380
19546 0.410287049894
19556 0.411236560033
19566 0.412186590423
19576 0.413137135685
19586 0.414088190429
19596 0.415039749257
19606 0.415991806760
19616 0.416944357522
19626 0.417897396118
19636 0.418850917116
19646 0.419804915072
19656 0.420759384536
19666 0.421714320049
19676 0.422669716145
19686 0.423625567347
19696 0.424581868173
19706 0.425538613133
19716 0.426495796725
19726 0.427453413445
19736 0.428411457777
19746 0.429369924199
19756 0.430328807183
19766 0.431288101191
19776 0.432247800679
19786 0.433207900096
19796 0.434168393884
19806 0.435129276476
19816 0.436090542302
19826 0.437052185782
19836 0.438014201330
19846 0.438976583354
19856 0.439939326256
19866 0.440902424429
19876 0.441865872263
19886 0.442829664140
19896 0.443793794435
19906 0.444758257520
19916 0.445723047758
19926 0.446688159508
19936 0.447653587122
19946 0.448619324948
19956 0.449585367328
19966 0.450551708597
19976 0.451518343086
19986 0.452485265121
19996 0.453452469023
20006 0.454419949107
20016 0.455387699683
20026 0.456355715058
20036 0.457323989532
20046 0.458292517403
20056 0.459261292961
20066 0.460230310494
20076 0.461199564287
20086 0.462169048617
20096 0.463138757760
20106 0.464108685986
20116 0.465078827562
20126 0.466049176753
20136 0.467019727816
20146 0.467990475009
20156 0.468961412582
20166 0.469932534787
20176 0.470903835867
20186 0.471875310066
20196 0.472846951623
20206 0.473818754774
20216 0.474790713753
20226 0.475762822791
20236 0.476735076115
20246 0.477707467952
20256 0.478679992524
20266 0.479652644052
20276 0.480625416755
20286 0.481598304847
20296 0.482571302545
20306 0.483544404059
20316 0.484517603601
20326 0.485490895378
20336 0.486464273598
20346 0.487437732466
20356 0.488411266187
20366 0.489384868962
20376 0.490358534993
20386 0.491332258480
20396 0.492306033623
20406 0.493279854620
20416 0.494253715668
20426 0.495227610964
20436 0.496201534705
20446 0.497175481085
20456 0.498149444301
20466 0.499123418546
20476 0.500097398017
20486 0.501071376907
20496 0.502045349411
20506 0.503019309724
20516 0.503993252040
20526 0.504967170556
20536 0.505941059467
20546 0.506914912969
20556 0.507888725260
20566 0.508862490536
20576 0.509836202996
20586 0.510809856840
20596 0.511783446267
20606 0.512756965481
20616 0.513730408683
20626 0.514703770078
20636 0.515677043872
20646 0.516650224271
20656 0.517623305485
20666 0.518596281725
20676 0.519569147202
20686 0.520541896132
20696 0.521514522732
20706 0.522487021219
20716 0.523459385815
20726 0.524431610744
20736 0.525403690232
20746 0.526375618507
20756 0.527347389801
20766 0.528318998347
20776 0.529290438383
20786 0.530261704148
20796 0.531232789887
20806 0.532203689844
20816 0.533174398271
20826 0.534144909419
20836 0.535115217546
20846 0.536085316911
20856 0.537055201779
20866 0.538024866417
20876 0.538994305098
20886 0.539963512096
20896 0.540932481692
20906 0.541901208169
20916 0.542869685817
20926 0.543837908928
20936 0.544805871798
20946 0.545773568732
20956 0.546740994034
20966 0.547708142017
20976 0.548675006997
20986 0.549641583296
20996 0.550607865240
21006 0.551573847162
21016 0.552539523398
21026 0.553504888292
21036 0.554469936191
21046 0.555434661450
21056 0.556399058427
21066 0.557363121489
21076 0.558326845007
21086 0.559290223358
21096 0.560253250926
21106 0.561215922100
21116 0.562178231276
21126 0.563140172858
21136 0.564101741254
21146 0.565062930879
21156 0.566023736156
21166 0.566984151515
21176 0.567944171391
21186 0.568903790226
21196 0.569863002473
21206 0.570821802587
21216 0.571780185034
21226 0.572738144285
21236 0.573695674820
21246 0.574652771126
21256 0.575609427698
21266 0.576565639039
21276 0.577521399658
21286 0.578476704075
21296 0.579431546816
21306 0.580385922415
21316 0.581339825415
21326 0.582293250367
21336 0.583246191831
21346 0.584198644375
21356 0.585150602576
21366 0.586102061019
21376 0.587053014298
21386 0.588003457017
21396 0.588953383787
21406 0.589902789230
21416 0.590851667976
21426 0.591800014665
21436 0.592747823945
21446 0.593695090475
21456 0.594641808924
21466 0.595587973967
21476 0.596533580293
21486 0.597478622599
21496 0.598423095591
21506 0.599366993987
21516 0.600310312513
21526 0.601253045907
21536 0.602195188915
21546 0.603136736296
21556 0.604077682817
21566 0.605018023258
21576 0.605957752406
21586 0.606896865063
21596 0.607835356038
21606 0.608773220154
21616 0.609710452241
21626 0.610647047145
21636 0.611582999719
21646 0.612518304829
21656 0.613452957351
21666 0.614386952175
21676 0.615320284199
21686 0.616252948336
21696 0.617184939507
21706 0.618116252647
21716 0.619046882704
21726 0.619976824634
21736 0.620906073407
21746 0.621834624007
21756 0.622762471427
21766 0.623689610672
21776 0.624616036763
21786 0.625541744730
21796 0.626466729615
21806 0.627390986476
21816 0.628314510379
21826 0.629237296407
21836 0.630159339653
21846 0.631080635224
21856 0.632001178238
21866 0.632920963828
21876 0.633839987140
21886 0.634758243332
21896 0.635675727577
21906 0.636592435057
21916 0.637508360973
21926 0.638423500535
21936 0.639337848970
21946 0.640251401515
21956 0.641164153422
21966 0.642076099959
21976 0.642987236404
21986 0.643897558052
21996 0.644807060210
22006 0.645715738199
22016 0.646623587356
22026 0.647530603029
22036 0.648436780584
22046 0.649342115397
22056 0.650246602862
22066 0.651150238386
22076 0.652053017390
22086 0.652954935310
22096 0.653855987596
22106 0.654756169715
22116 0.655655477146
22126 0.656553905383
22136 0.657451449937
22146 0.658348106333
22156 0.659243870110
22166 0.660138736822
22176 0.661032702040
22186 0.661925761348
22196 0.662817910348
22206 0.663709144655
22216 0.664599459900
22226 0.665488851729
22236 0.666377315805
22246 0.667264847805
22256 0.668151443422
22266 0.669037098366
22276 0.669921808362
22286 0.670805569149
22296 0.671688376485
22306 0.672570226141
22316 0.673451113906
22326 0.674331035585
22336 0.675209986998
22346 0.676087963982
22356 0.676964962390
22366 0.677840978090
22376 0.678716006969
22386 0.679590044929
22396 0.680463087888
22406 0.681335131780
22416 0.682206172558
22426 0.683076206189
22436 0.683945228658
22446 0.684813235967
22456 0.685680224133
22466 0.686546189192
22476 0.687411127196
22486 0.688275034213
22496 0.689137906330
22506 0.689999739648
22516 0.690860530288
22526 0.691720274388
22536 0.692578968100
22546 0.693436607597
22556 0.694293189067
22566 0.695148708716
22576 0.696003162767
22586 0.696856547461
22596 0.697708859056
22606 0.698560093827
22616 0.699410248069
22626 0.700259318091
22636 0.701107300221
22646 0.701954190807
22656 0.702799986212
22666 0.703644682816
22676 0.704488277020
22686 0.705330765240
22696 0.706172143912
22706 0.707012409487
22716 0.707851558438
22726 0.708689587253
22736 0.709526492439
22746 0.710362270520
22756 0.711196918041
22766 0.712030431561
22776 0.712862807660
22786 0.713694042936
22796 0.714524134005
22806 0.715353077501
22816 0.716180870076
22826 0.717007508401
22836 0.717832989165
22846 0.718657309076
22856 0.719480464860
22866 0.720302453261
22876 0.721123271043
22886 0.721942914988
22896 0.722761381894
22906 0.723578668582
22916 0.724394771889
22926 0.725209688671
22936 0.726023415803
22946 0.726835950178
22956 0.727647288709
22966 0.728457428327
22976 0.729266365981
22986 0.730074098642
22996 0.730880623296
23006 0.731685936950
23016 0.732490036630
23026 0.733292919379
23036 0.734094582262
23046 0.734895022361
23056 0.735694236777
23066 0.736492222631
23076 0.737288977062
23086 0.738084497229
23096 0.738878780309
23106 0.739671823500
23116 0.740463624017
23126 0.741254179095
23136 0.742043485989
23146 0.742831541973
23156 0.743618344339
23166 0.744403890399
23176 0.745188177484
23186 0.745971202945
23196 0.746752964152
23206 0.747533458493
23216 0.748312683378
23226 0.749090636233
23236 0.749867314507
23246 0.750642715666
23256 0.751416837194
23266 0.752189676599
23276 0.752961231404
23286 0.753731499153
23296 0.754500477410
23306 0.755268163758
23316 0.756034555800
23326 0.756799651156
23336 0.757563447469
23346 0.758325942400
23356 0.759087133627
23366 0.759847018852
23376 0.760605595794
23386 0.761362862190
23396 0.762118815801
23406 0.762873454402
23416 0.763626775793
23426 0.764378777789
23436 0.765129458228
23446 0.765878814964
23456 0.766626845874
23466 0.767373548853
23476 0.768118921814
23486 0.768862962694
23496 0.769605669444
23506 0.770347040039
23516 0.771087072470
23526 0.771825764752
23536 0.772563114915
23546 0.773299121012
23556 0.774033781112
23566 0.774767093308
23576 0.775499055708
23586 0.776229666443
23596 0.776958923663
23606 0.777686825535
23616 0.778413370249
23626 0.779138556012
23636 0.779862381052
23646 0.780584843616
23656 0.781305941970
23666 0.782025674400
23676 0.782744039212
23686 0.783461034732
23696 0.784176659303
23706 0.784890911290
23716 0.785603789076
23726 0.786315291064
23736 0.787025415677
23746 0.787734161357
23756 0.788441526565
23766 0.789147509781
23776 0.789852109507
23786 0.790555324263
23796 0.791257152586
23806 0.791957593035
23816 0.792656644189
23826 0.793354304644
23836 0.794050573018
23846 0.794745447945
23856 0.795438928082
23866 0.796131012103
23876 0.796821698701
23886 0.797510986590
23896 0.798198874503
23906 0.798885361190
23916 0.799570445423
23926 0.800254125991
23936 0.800936401705
23946 0.801617271392
23956 0.802296733900
23966 0.802974788096
23976 0.803651432865
23986 0.804326667114
23996 0.805000489764
24006 0.805672899761
24016 0.806343896065
24026 0.807013477659
24036 0.807681643542
24046 0.808348392733
24056 0.809013724270
24066 0.809677637211
24076 0.810340130631
24086 0.811001203625
24096 0.811660855307
24106 0.812319084810
24116 0.812975891283
24126 0.813631273899
24136 0.814285231844
24146 0.814937764328
24156 0.815588870575
24166 0.816238549832
24176 0.816886801361
24186 0.817533624445
24196 0.818179018384
24206 0.818822982499
24216 0.819465516126
24226 0.820106618622
24236 0.820746289362
24246 0.821384527740
24256 0.822021333166
24266 0.822656705072
24276 0.823290642905
24286 0.823923146132
24296 0.824554214238
24306 0.825183846728
24316 0.825812043121
24326 0.826438802959
24336 0.827064125798
24346 0.827688011215
24356 0.828310458804
24366 0.828931468176
24376 0.829551038964
24386 0.830169170813
24396 0.830785863391
24406 0.831401116382
24416 0.832014929487
24426 0.832627302426
24436 0.833238234937
24446 0.833847726775
24456 0.834455777713
24466 0.835062387542
24476 0.835667556070
24486 0.836271283124
24496 0.836873568546
24506 0.837474412199
24516 0.838073813960
24526 0.838671773725
24536 0.839268291409
24546 0.839863366943
24556 0.840457000273
24566 0.841049191367
24576 0.841639940206
24586 0.842229246791
24596 0.842817111138
24606 0.843403533283
24616 0.843988513277
24626 0.844572051187
24636 0.845154147099
24646 0.845734801117
24656 0.846314013358
24666 0.846891783960
24676 0.847468113075
24686 0.848043000873
24696 0.848616447540
24706 0.849188453280
24716 0.849759018313
24726 0.850328142875
24736 0.850895827219
24746 0.851462071614
24756 0.852026876347
24766 0.852590241719
24776 0.853152168050
24786 0.853712655675
24796 0.854271704945
24806 0.854829316227
24816 0.855385489906
24826 0.855940226381
24836 0.856493526068
24846 0.857045389399
24856 0.857595816822
24866 0.858144808801
24876 0.858692365815
24886 0.859238488361
24896 0.859783176949
24906 0.860326432107
24916 0.860868254377
24926 0.861408644318
24936 0.861947602504
24946 0.862485129524
24956 0.863021225983
24966 0.863555892502
24976 0.864089129717
24986 0.864620938278
24996 0.865151318851
25006 0.865680272119
25016 0.866207798778
25026 0.866733899540
25036 0.867258575132
25046 0.867781826295
25056 0.868303653787
25066 0.868824058379
25076 0.869343040857
25086 0.869860602024
25096 0.870376742694
25106 0.870891463699
25116 0.871404765884
25126 0.871916650108
25136 0.872427117247
25146 0.872936168189
25156 0.873443803838
25166 0.873950025110
25176 0.874454832938
25186 0.874958228268
25196 0.875460212059
25206 0.875960785287
25216 0.876459948940
25226 0.876957704020
25236 0.877454051543
25246 0.877948992541
25256 0.878442528055
25266 0.878934659146
25276 0.879425386883
25286 0.879914712353
25296 0.880402636653
25306 0.880889160897
25316 0.881374286210
25326 0.881858013731
25336 0.882340344613
25346 0.882821280021
25356 0.883300821135
25366 0.883778969147
25376 0.884255725262
25386 0.884731090699
25396 0.885205066689
25406 0.885677654477
25416 0.886148855319
25426 0.886618670486
25436 0.887087101261
25446 0.887554148938
25456 0.888019814827
25466 0.888484100249
25476 0.888947006535
25486 0.889408535032
25496 0.889868687099
25506 0.890327464105
25516 0.890784867434
25526 0.891240898479
25536 0.891695558649
25546 0.892148849363
25556 0.892600772051
25566 0.893051328157
25576 0.893500519136
25586 0.893948346454
25596 0.894394811591
25606 0.894839916037
25616 0.895283661293
25626 0.895726048874
25636 0.896167080305
25646 0.896606757122
25656 0.897045080873
25666 0.897482053118
25676 0.897917675427
25686 0.898351949383
25696 0.898784876577
25706 0.899216458615
25716 0.899646697112
25726 0.900075593693
25736 0.900503149996
25746 0.900929367667
25756 0.901354248367
25766 0.901777793765
25776 0.902200005539
25786 0.902620885382
25796 0.903040434993
25806 0.903458656085
25816 0.903875550379
25826 0.904291119608
25836 0.904705365513
25846 0.905118289849
25856 0.905529894377
25866 0.905940180871
25876 0.906349151113
25886 0.906756806897
25896 0.907163150025
25906 0.907568182310
25916 0.907971905574
25926 0.908374321648
25936 0.908775432376
25946 0.909175239607
25956 0.909573745204
25966 0.909970951035
25976 0.910366858980
25986 0.910761470929
25996 0.911154788778
26006 0.911546814436
26016 0.911937549819
26026 0.912326996852
26036 0.912715157470
26046 0.913102033615
26056 0.913487627240
26066 0.913871940307
26076 0.914254974784
26086 0.914636732650
26096 0.915017215892
26106 0.915396426505
26116 0.915774366493
26126 0.916151037870
26136 0.916526442654
26146 0.916900582876
26156 0.917273460573
26166 0.917645077789
26176 0.918015436579
26186 0.918384539003
26196 0.918752387132
26206 0.919118983042
26216 0.919484328819
26226 0.919848426555
26236 0.920211278351
26246 0.920572886316
26256 0.920933252564
26266 0.921292379220
26276 0.921650268415
26286 0.922006922286
26296 0.922362342978
26306 0.922716532646
26316 0.923069493448
26326 0.923421227551
26336 0.923771737131
26346 0.924121024367
26356 0.924469091448
26366 0.924815940569
26376 0.925161573932
26386 0.925505993744
26396 0.925849202223
26406 0.926191201588
26416 0.926531994069
26426 0.926871581900
26436 0.927209967323
26446 0.927547152586
26456 0.927883139942
26466 0.928217931651
26476 0.928551529981
26486 0.928883937203
26496 0.929215155597
26506 0.929545187446
26516 0.929874035042
26526 0.930201700681
26536 0.930528186665
26546 0.930853495301
26556 0.931177628905
26566 0.931500589794
26576 0.931822380294
26586 0.932143002736
26596 0.932462459454
26606 0.932780752790
26616 0.933097885091
26626 0.933413858709
26636 0.933728675999
26646 0.934042339325
26656 0.934354851054
26666 0.934666213557
26676 0.934976429212
26686 0.935285500401
26696 0.935593429510
26706 0.935900218932
26716 0.936205871062
26726 0.936510388301
26736 0.936813773055
26746 0.937116027735
26756 0.937417154754
26766 0.937717156532
26776 0.938016035492
26786 0.938313794061
26796 0.938610434671
26806 0.938905959759
26816 0.939200371764
26826 0.939493673130
26836 0.939785866307
26846 0.940076953745
26856 0.940366937901
26866 0.940655821234
26876 0.940943606209
26886 0.941230295292
26896 0.941515890954
26906 0.941800395670
26916 0.942083811918
26926 0.942366142179
26936 0.942647388938
26946 0.942927554683
26956 0.943206641906
26966 0.943484653102
26976 0.943761590769
26986 0.944037457407
26996 0.944312255521
27006 0.944585987618
27016 0.944858656209
27026 0.945130263806
27036 0.945400812925
27046 0.945670306084
27056 0.945938745806
27066 0.946206134614
27076 0.946472475035
27086 0.946737769599
27096 0.947002020836
27106 0.947265231282
27116 0.947527403473
27126 0.947788539947
27136 0.948048643247
27146 0.948307715915
27156 0.948565760498
27166 0.948822779543
27176 0.949078775600
27186 0.949333751221
27196 0.949587708960
27206 0.949840651372
27216 0.950092581016
27226 0.950343500451
27236 0.950593412238
27246 0.950842318940
27256 0.951090223122
27266 0.951337127349
27276 0.951583034190
27286 0.951827946214
27296 0.952071865991
27306 0.952314796093
27316 0.952556739094
27326 0.952797697569
27336 0.953037674093
27346 0.953276671244
27356 0.953514691599
27366 0.953751737739
27376 0.953987812242
27386 0.954222917692
27396 0.954457056669
27406 0.954690231758
27416 0.954922445541
27426 0.955153700605
27436 0.955383999534
27446 0.955613344914
27456 0.955841739332
27466 0.956069185377
27476 0.956295685634
27486 0.956521242694
27496 0.956745859145
27506 0.956969537576
27516 0.957192280577
27526 0.957414090738
27536 0.957634970648
27546 0.957854922899
27556 0.958073950080
27566 0.958292054783
27576 0.958509239597
27586 0.958725507115
27596 0.958940859925
27606 0.959155300620
27616 0.959368831789
27626 0.959581456024
27636 0.959793175912
27646 0.960003994046
27656 0.960213913014
27666 0.960422935405
27676 0.960631063809
27686 0.960838300813
27696 0.961044649005
27706 0.961250110973
27716 0.961454689304
27726 0.961658386583
27736 0.961861205397
27746 0.962063148330
27756 0.962264217965
27766 0.962464416887
27776 0.962663747678
27786 0.962862212919
27796 0.963059815191
27806 0.963256557073
27816 0.963452441145
27826 0.963647469984
27836 0.963841646167
27846 0.964034972269
27856 0.964227450864
27866 0.964419084525
27876 0.964609875825
27886 0.964799827333
27896 0.964988941620
27906 0.965177221253
27916 0.965364668798
27926 0.965551286820
27936 0.965737077883
27946 0.965922044550
27956 0.966106189379
27966 0.966289514931
27976 0.966472023762
27986 0.966653718429
27996 0.966834601484
28006 0.967014675480
28016 0.967193942967
28026 0.967372406493
28036 0.967550068606
28046 0.967726931849
28056 0.967902998766
28066 0.968078271897
28076 0.968252753781
28086 0.968426446955
28096 0.968599353953
28106 0.968771477308
28116 0.968942819549
28126 0.969113383206
28136 0.969283170804
28146 0.969452184867
28156 0.969620427916
28166 0.969787902470
28176 0.969954611045
28186 0.970120556157
28196 0.970285740316
28206 0.970450166032
28216 0.970613835812
28226 0.970776752161
28236 0.970938917579
28246 0.971100334567
28256 0.971261005620
28266 0.971420933233
28276 0.971580119896
28286 0.971738568098
28296 0.971896280325
28306 0.972053259060
28316 0.972209506782
28326 0.972365025969
28336 0.972519819094
28346 0.972673888631
28356 0.972827237046
28366 0.972979866805
28376 0.973131780371
28386 0.973282980203
28396 0.973433468758
28406 0.973583248489
28416 0.973732321845
28426 0.973880691275
28436 0.974028359221
28446 0.974175328124
28456 0.974321600421
28466 0.974467178548
28476 0.974612064933
28486 0.974756262006
28496 0.974899772189
28506 0.975042597904
28516 0.975184741568
28526 0.975326205595
28536 0.975466992395
28546 0.975607104375
28556 0.975746543939
28566 0.975885313486
28576 0.976023415413
28586 0.976160852113
28596 0.976297625974
28606 0.976433739383
28616 0.976569194720
28626 0.976703994365
28636 0.976838140691
28646 0.976971636069
28656 0.977104482866
28666 0.977236683445
28676 0.977368240166
28686 0.977499155383
28696 0.977629431450
28706 0.977759070712
28716 0.977888075515
28726 0.978016448198
28736 0.978144191097
28746 0.978271306544
28756 0.978397796867
28766 0.978523664390
28776 0.978648911432
28786 0.978773540311
28796 0.978897553337
28806 0.979020952819
28816 0.979143741060
28826 0.979265920359
28836 0.979387493011
28846 0.979508461309
28856 0.979628827538
28866 0.979748593981
28876 0.979867762917
28886 0.979986336620
28896 0.980104317360
28906 0.980221707402
28916 0.980338509008
28926 0.980454724435
28936 0.980570355935
28946 0.980685405756
28956 0.980799876142
28966 0.980913769333
28976 0.981027087564
28986 0.981139833064
28996 0.981252008061
29006 0.981363614775
29016 0.981474655425
29026 0.981585132221
29036 0.981695047373
29046 0.981804403084
29056 0.981913201553
29066 0.982021444974
29076 0.982129135537
29086 0.982236275426
29096 0.982342866824
29106 0.982448911905
29116 0.982554412840
29126 0.982659371797
29136 0.982763790937
29146 0.982867672417
29156 0.982971018390
29166 0.983073831003
29176 0.983176112400
29186 0.983277864718
29196 0.983379090092
29206 0.983479790649
29216 0.983579968513
29226 0.983679625804
29236 0.983778764637
29246 0.983877387119
29256 0.983975495357
29266 0.984073091448
29276 0.984170177490
29286 0.984266755570
29296 0.984362827775
29306 0.984458396185
29316 0.984553462874
29326 0.984648029913
29336 0.984742099368
29346 0.984835673299
29356 0.984928753760
29366 0.985021342804
29376 0.985113442474
29386 0.985205054812
29396 0.985296181854
29406 0.985386825629
29416 0.985476988163
29426 0.985566671477
29436 0.985655877585
29446 0.985744608499
29456 0.985832866223
29466 0.985920652758
29476 0.986007970099
29486 0.986094820236
29496 0.986181205153
29506 0.986267126831
29516 0.986352587245
29526 0.986437588363
29536 0.986522132151
29546 0.986606220568
29556 0.986689855568
29566 0.986773039101
29576 0.986855773109
29586 0.986938059532
29596 0.987019900304
29606 0.987101297352
29616 0.987182252601
29626 0.987262767968
29636 0.987342845366
29646 0.987422486702
29656 0.987501693880
29666 0.987580468796
29676 0.987658813342
29686 0.987736729406
29696 0.987814218868
29706 0.987891283606
29716 0.987967925490
29726 0.988044146386
29736 0.988119948156
29746 0.988195332653
29756 0.988270301728
29766 0.988344857227
29776 0.988419000989
29786 0.988492734848
29796 0.988566060633
29806 0.988638980169
29816 0.988711495272
29826 0.988783607758
29836 0.988855319434
29846 0.988926632102
29856 0.988997547561
29866 0.989068067601
29876 0.989138194011
29886 0.989207928570
29896 0.989277273057
29906 0.989346229241
29916 0.989414798888
29926 0.989482983759
29936 0.989550785609
29946 0.989618206187
29956 0.989685247238
29966 0.989751910500
29976 0.989818197709
29986 0.989884110591
29996 0.989949650871
30006 0.990014820266
30016 0.990079620489
30026 0.990144053246
30036 0.990208120241
30046 0.990271823169
30056 0.990335163722
30066 0.990398143586
30076 0.990460764442
30086 0.990523027964
30096 0.990584935823
30106 0.990646489684
30116 0.990707691206
30126 0.990768542043
30136 0.990829043844
30146 0.990889198252
30156 0.990949006907
30166 0.991008471440
30176 0.991067593478
30186 0.991126374646
30196 0.991184816559
30206 0.991242920828
30216 0.991300689062
30226 0.991358122859
30236 0.991415223817
30246 0.991471993526
30256 0.991528433571
30266 0.991584545532
30276 0.991640330983
30286 0.991695791494
30296 0.991750928630
30306 0.991805743948
30316 0.991860239002
30326 0.991914415341
30336 0.991968274507
30346 0.992021818039
30356 0.992075047468
30366 0.992127964322
30376 0.992180570123
30386 0.992232866388
30396 0.992284854628
30406 0.992336536349
30416 0.992387913053
30426 0.992438986234
30436 0.992489757384
30446 0.992540227988
30456 0.992590399525
30466 0.992640273471
30476 0.992689851296
30486 0.992739134464
30496 0.992788124433
30506 0.992836822659
30516 0.992885230590
30526 0.992933349669
30536 0.992981181336
30546 0.993028727023
30556 0.993075988158
30566 0.993122966165
30576 0.993169662462
30586 0.993216078460
30596 0.993262215568
30606 0.993308075188
30616 0.993353658717
30626 0.993398967547
30636 0.993444003066
30646 0.993488766654
30656 0.993533259689
30666 0.993577483543
30676 0.993621439582
30686 0.993665129167
30696 0.993708553655
30706 0.993751714396
30716 0.993794612739
30726 0.993837250022
30736 0.993879627584
30746 0.993921746753
30756 0.993963608858
30766 0.994005215217
30776 0.994046567149
30786 0.994087665962
30796 0.994128512964
30806 0.994169109455
30816 0.994209456730
30826 0.994249556082
30836 0.994289408795
30846 0.994329016151
30856 0.994368379425
30866 0.994407499889
30876 0.994446378809
30886 0.994485017445
30896 0.994523417054
30906 0.994561578887
30916 0.994599504190
30926 0.994637194205
30936 0.994674650168
30946 0.994711873311
30956 0.994748864861
30966 0.994785626038
30976 0.994822158061
30986 0.994858462141
30996 0.994894539485
31006 0.994930391296
31016 0.994966018771
31026 0.995001423104
31036 0.995036605482
31046 0.995071567087
31056 0.995106309099
31066 0.995140832691
31076 0.995175139031
31086 0.995209229283
31096 0.995243104608
31106 0.995276766158
31116 0.995310215084
31126 0.995343452530
31136 0.995376479638
31146 0.995409297542
31156 0.995441907373
31166 0.995474310257
31176 0.995506507316
31186 0.995538499666
31196 0.995570288420
31206 0.995601874684
31216 0.995633259562
31226 0.995664444152
31236 0.995695429547
31246 0.995726216836
31256 0.995756807103
31266 0.995787201428
31276 0.995817400887
31286 0.995847406548
31296 0.995877219480
31306 0.995906840742
31316 0.995936271392
31326 0.995965512482
31336 0.995994565060
31346 0.996023430169
31356 0.996052108847
31366 0.996080602130
31376 0.996108911046
31386 0.996137036622
31396 0.996164979877
31406 0.996192741829
31416 0.996220323489
31426 0.996247725865
31436 0.996274949960
31446 0.996301996773
31456 0.996328867297
31466 0.996355562523
31476 0.996382083437
31486 0.996408431019
31496 0.996434606246
31506 0.996460610091
31516 0.996486443522
31526 0.996512107503
31536 0.996537602993
31546 0.996562930948
31556 0.996588092318
31566 0.996613088051
31576 0.996637919087
31586 0.996662586367
31596 0.996687090823
31606 0.996711433385
31616 0.996735614979
31626 0.996759636525
31636 0.996783498942
31646 0.996807203141
31656 0.996830750032
31666 0.996854140519
31676 0.996877375503
31686 0.996900455879
31696 0.996923382540
31706 0.996946156373
31716 0.996968778264
31726 0.996991249090
31736 0.997013569729
31746 0.997035741052
31756 0.997057763927
31766 0.997079639216
31776 0.997101367780
31786 0.997122950473
31796 0.997144388149
31806 0.997165681653
31816 0.997186831830
31826 0.997207839519
31836 0.997228705555
31846 0.997249430771
31856 0.997270015993
31866 0.997290462047
31876 0.997310769750
31886 0.997330939920
31896 0.997350973369
31906 0.997370870904
31916 0.997390633329
31926 0.997410261447
31936 0.997429756052
31946 0.997449117937
31956 0.997468347893
31966 0.997487446703
31976 0.997506415148
31986 0.997525254008
31996 0.997543964055
32006 0.997562546059
32016 0.997581000787
32026 0.997599329001
32036 0.997617531460
32046 0.997635608919
32056 0.997653562129
32066 0.997671391839
32076 0.997689098792
32086 0.997706683728
32096 0.997724147384
32106 0.997741490494
32116 0.997758713787
32126 0.997775817988
32136 0.997792803820
32146 0.997809672001
32156 0.997826423247
32166 0.997843058268
32176 0.997859577774
32186 0.997875982468
32196 0.997892273050
32206 0.997908450220
32216 0.997924514669
32226 0.997940467089
32236 0.997956308167
32246 0.997972038585
32256 0.997987659025
32266 0.998003170161
32276 0.998018572667
32286 0.998033867214
32296 0.998049054466
32306 0.998064135087
32316 0.998079109737
32326 0.998093979070
32336 0.998108743741
32346 0.998123404398
32356 0.998137961687
32366 0.998152416251
32376 0.998166768729
32386 0.998181019758
32396 0.998195169969
32406 0.998209219993
32416 0.998223170456
32426 0.998237021981
32436 0.998250775186
32446 0.998264430690
32456 0.998277989105
32466 0.998291451041
32476 0.998304817105
32486 0.998318087900
32496 0.998331264028
32506 0.998344346086
32516 0.998357334667
32526 0.998370230363
32536 0.998383033761
32546 0.998395745447
32556 0.998408366003
32566 0.998420896006
32576 0.998433336033
32586 0.998445686655
32596 0.998457948443
32606 0.998470121963
32616 0.998482207778
32626 0.998494206449
32636 0.998506118532
32646 0.998517944583
32656 0.998529685152
32666 0.998541340789
32676 0.998552912038
32686 0.998564399441
32696 0.998575803540
32706 0.998587124869
32716 0.998598363964
32726 0.998609521354
32736 0.998620597567
32746 0.998631593130
32756 0.998642508563
32766 0.998653344387
32776 0.998664101118
32786 0.998674779269
32796 0.998685379351
32806 0.998695901873
32816 0.998706347339
32826 0.998716716253
32836 0.998727009113
32846 0.998737226417
32856 0.998747368659
32866 0.998757436330
32876 0.998767429919
32886 0.998777349912
32896 0.998787196792
32906 0.998796971041
32916 0.998806673135
32926 0.998816303550
32936 0.998825862759
32946 0.998835351232
32956 0.998844769436
32966 0.998854117835
32976 0.998863396891
32986 0.998872607065
32996 0.998881748813
33006 0.998890822589
33016 0.998899828845
33026 0.998908768030
33036 0.998917640591
33046 0.998926446971
33056 0.998935187613
33066 0.998943862955
33076 0.998952473434
33086 0.998961019484
33096 0.998969501536
33106 0.998977920020
33116 0.998986275362
33126 0.998994567986
33136 0.999002798314
33146 0.999010966765
33156 0.999019073757
33166 0.999027119703
33176 0.999035105016
33186 0.999043030105
33196 0.999050895378
33206 0.999058701239
33216 0.999066448092
33226 0.999074136336
33236 0.999081766370
33246 0.999089338588
33256 0.999096853385
33266 0.999104311151
33276 0.999111712275
33286 0.999119057144
33296 0.999126346141
33306 0.999133579649
33316 0.999140758047
33326 0.999147881712
33336 0.999154951020
33346 0.999161966343
33356 0.999168928053
33366 0.999175836518
33376 0.999182692104
33386 0.999189495176
33396 0.999196246095
33406 0.999202945222
33416 0.999209592913
33426 0.999216189526
33436 0.999222735412
33446 0.999229230925
33456 0.999235676412
33466 0.999242072221
33476 0.999248418697
33486 0.999254716182
33496 0.999260965019
33506 0.999267165546
33516 0.999273318099
33526 0.999279423013
33536 0.999285480622
33546 0.999291491255
33556 0.999297455242
33566 0.999303372910
33576 0.999309244582
33586 0.999315070582
33596 0.999320851231
33606 0.999326586848
33616 0.999332277748
33626 0.999337924249
33636 0.999343526661
33646 0.999349085297
33656 0.999354600465
33666 0.999360072474
33676 0.999365501627
33686 0.999370888230
33696 0.999376232583
33706 0.999381534986
33716 0.999386795738
33726 0.999392015134
33736 0.999397193468
33746 0.999402331033
33756 0.999407428120
33766 0.999412485017
33776 0.999417502011
33786 0.999422479388
33796 0.999427417431
33806 0.999432316421
33816 0.999437176638
33826 0.999441998361
33836 0.999446781866
33846 0.999451527428
33856 0.999456235319
33866 0.999460905810
33876 0.999465539172
33886 0.999470135672
33896 0.999474695576
33906 0.999479219148
33916 0.999483706651
33926 0.999488158346
33936 0.999492574493
33946 0.999496955349
33956 0.999501301171
33966 0.999505612213
33976 0.999509888727
33986 0.999514130966
33996 0.999518339178
34006 0.999522513612
34016 0.999526654514
34026 0.999530762130
34036 0.999534836701
34046 0.999538878471
34056 0.999542887679
34066 0.999546864563
34076 0.999550809362
34086 0.999554722310
34096 0.999558603642
34106 0.999562453589
34116 0.999566272384
34126 0.999570060255
34136 0.999573817431
34146 0.999577544138
34156 0.999581240601
34166 0.999584907044
34176 0.999588543688
34186 0.999592150756
34196 0.999595728464
34206 0.999599277033
34216 0.999602796677
34226 0.999606287613
34236 0.999609750052
34246 0.999613184209
34256 0.999616590292
34266 0.999619968513
34276 0.999623319077
34286 0.999626642194
34296 0.999629938066
34306 0.999633206899
34316 0.999636448894
34326 0.999639664254
34336 0.999642853177
34346 0.999646015863
34356 0.999649152508
34366 0.999652263308
34376 0.999655348459
34386 0.999658408152
34396 0.999661442581
34406 0.999664451935
34416 0.999667436405
34426 0.999670396178
34436 0.999673331441
34446 0.999676242381
34456 0.999679129180
34466 0.999681992023
34476 0.999684831090
34486 0.999687646564
34496 0.999690438623
34506 0.999693207446
34516 0.999695953209
34526 0.999698676089
34536 0.999701376259
34546 0.999704053894
34556 0.999706709166
34566 0.999709342245
34576 0.999711953302
34586 0.999714542506
34596 0.999717110024
34606 0.999719656022
34616 0.999722180665
34626 0.999724684119
34636 0.999727166546
34646 0.999729628108
34656 0.999732068966
34666 0.999734489279
34676 0.999736889206
34686 0.999739268905
34696 0.999741628532
34706 0.999743968243
34716 0.999746288191
34726 0.999748588531
34736 0.999750869413
34746 0.999753130989
34756 0.999755373410
34766 0.999757596824
34776 0.999759801379
34786 0.999761987222
34796 0.999764154500
34806 0.999766303356
34816 0.999768433935
34826 0.999770546379
34836 0.999772640831
34846 0.999774717432
34856 0.999776776321
34866 0.999778817637
34876 0.999780841518
34886 0.999782848101
34896 0.999784837522
34906 0.999786809916
34916 0.999788765417
34926 0.999790704158
34936 0.999792626272
34946 0.999794531890
34956 0.999796421142
34966 0.999798294157
34976 0.999800151063
34986 0.999801991990
34996 0.999803817062
35006 0.999805626406
35016 0.999807420147
35026 0.999809198409
35036 0.999810961314
35046 0.999812708985
35056 0.999814441543
35066 0.999816159109
35076 0.999817861802
35086 0.999819549742
35096 0.999821223045
35106 0.999822881829
35116 0.999824526210
35126 0.999826156303
35136 0.999827772223
35146 0.999829374084
35156 0.999830961998
35166 0.999832536078
35176 0.999834096435
35186 0.999835643178
35196 0.999837176419
35206 0.999838696265
35216 0.999840202824
35226 0.999841696205
35236 0.999843176513
35246 0.999844643854
35256 0.999846098332
35266 0.999847540053
35276 0.999848969120
35286 0.999850385634
35296 0.999851789699
35306 0.999853181414
35316 0.999854560882
35326 0.999855928200
35336 0.999857283468
35346 0.999858626785
35356 0.999859958247
35366 0.999861277952
35376 0.999862585995
35386 0.999863882472
35396 0.999865167478
35406 0.999866441106
35416 0.999867703449
35426 0.999868954601
35436 0.999870194652
35446 0.999871423695
35456 0.999872641819
35466 0.999873849114
35476 0.999875045670
35486 0.999876231575
35496 0.999877406916
35506 0.999878571782
35516 0.999879726257
35526 0.999880870429
35536 0.999882004383
35546 0.999883128202
35556 0.999884241972
35566 0.999885345774
35576 0.999886439693
35586 0.999887523809
35596 0.999888598205
35606 0.999889662961
35616 0.999890718157
35626 0.999891763874
35636 0.999892800189
35646 0.999893827182
35656 0.999894844929
35666 0.999895853510
35676 0.999896852999
35686 0.999897843473
35696 0.999898825008
35706 0.999899797678
35716 0.999900761557
35726 0.999901716721
35736 0.999902663240
35746 0.999903601190
35756 0.999904530640
35766 0.999905451663
35776 0.999906364330
35786 0.999907268712
35796 0.999908164877
35806 0.999909052896
35816 0.999909932837
35826 0.999910804768
35836 0.999911668758
35846 0.999912524874
35856 0.999913373181
35866 0.999914213748
35876 0.999915046638
35886 0.999915871917
35896 0.999916689651
35906 0.999917499903
35916 0.999918302736
35926 0.999919098214
35936 0.999919886401
35946 0.999920667357
35956 0.999921441144
35966 0.999922207824
35976 0.999922967458
35986 0.999923720106
35996 0.999924465827
36006 0.999925204682
36016 0.999925936728
36026 0.999926662024
36036 0.999927380629
36046 0.999928092599
36056 0.999928797992
36066 0.999929496865
36076 0.999930189273
36086 0.999930875272
36096 0.999931554917
36106 0.999932228264
36116 0.999932895367
36126 0.999933556279
36136 0.999934211055
36146 0.999934859746
36156 0.999935502407
36166 0.999936139089
36176 0.999936769844
36186 0.999937394724
36196 0.999938013780
36206 0.999938627061
36216 0.999939234620
36226 0.999939836504
36236 0.999940432765
36246 0.999941023450
36256 0.999941608608
36266 0.999942188288
36276 0.999942762538
36286 0.999943331405
36296 0.999943894936
36306 0.999944453178
36316 0.999945006177
36326 0.999945553979
36336 0.999946096630
36346 0.999946634175
36356 0.999947166659
36366 0.999947694126
36376 0.999948216621
36386 0.999948734187
36396 0.999949246868
36406 0.999949754706
36416 0.999950257746
36426 0.999950756028
36436 0.999951249595
36446 0.999951738489
36456 0.999952222751
36466 0.999952702422
36476 0.999953177543
36486 0.999953648155
36496 0.999954114296
36506 0.999954576007
36516 0.999955033328
36526 0.999955486296
36536 0.999955934952
36546 0.999956379333
36556 0.999956819478
36566 0.999957255425
36576 0.999957687210
36586 0.999958114871
36596 0.999958538445
36606 0.999958957968
36616 0.999959373477
36626 0.999959785008
36636 0.999960192596
36646 0.999960596276
36656 0.999960996085
36666 0.999961392056
36676 0.999961784224
36686 0.999962172623
36696 0.999962557287
36706 0.999962938250
36716 0.999963315546
36726 0.999963689206
36736 0.999964059265
36746 0.999964425754
36756 0.999964788707
36766 0.999965148154
36776 0.999965504127
36786 0.999965856659
36796 0.999966205780
36806 0.999966551521
36816 0.999966893913
36826 0.999967232986
36836 0.999967568771
36846 0.999967901297
36856 0.999968230594
36864 1.0
