2000.000
400 0.000031838948
401 0.000032176887
402 0.000032518218
403 0.000032862975
404 0.000033211189
405 0.000033562892
406 0.000033918118
407 0.000034276900
408 0.000034639270
409 0.000035005263
410 0.000035374912
411 0.000035748251
412 0.000036125316
413 0.000036506140
414 0.000036890760
415 0.000037279209
416 0.000037671525
417 0.000038067743
418 0.000038467898
419 0.000038872029
420 0.000039280172
421 0.000039692363
422 0.000040108642
423 0.000040529045
424 0.000040953610
425 0.000041382377
426 0.000041815384
427 0.000042252670
428 0.000042694276
429 0.000043140240
430 0.000043590603
431 0.000044045405
432 0.000044504688
433 0.000044968493
434 0.000045436861
435 0.000045909834
436 0.000046387454
437 0.000046869765
438 0.000047356809
439 0.000047848629
440 0.000048345270
441 0.000048846774
442 0.000049353188
443 0.000049864556
444 0.000050380922
445 0.000050902333
446 0.000051428834
447 0.000051960472
448 0.000052497294
449 0.000053039347
450 0.000053586678
451 0.000054139335
452 0.000054697368
453 0.000055260823
454 0.000055829751
455 0.000056404201
456 0.000056984223
457 0.000057569868
458 0.000058161186
459 0.000058758228
460 0.000059361047
461 0.000059969694
462 0.000060584221
463 0.000061204683
464 0.000061831131
465 0.000062463620
466 0.000063102205
467 0.000063746939
468 0.000064397878
469 0.000065055078
470 0.000065718595
471 0.000066388484
472 0.000067064804
473 0.000067747612
474 0.000068436965
475 0.000069132922
476 0.000069835542
477 0.000070544885
478 0.000071261009
479 0.000071983976
480 0.000072713846
481 0.000073450680
482 0.000074194541
483 0.000074945490
484 0.000075703591
485 0.000076468906
486 0.000077241500
487 0.000078021437
488 0.000078808782
489 0.000079603600
490 0.000080405957
491 0.000081215919
492 0.000082033555
493 0.000082858930
494 0.000083692113
495 0.000084533173
496 0.000085382179
497 0.000086239201
498 0.000087104308
499 0.000087977572
500 0.000088859064
501 0.000089748857
502 0.000090647021
503 0.000091553632
504 0.000092468762
505 0.000093392486
506 0.000094324878
507 0.000095266014
508 0.000096215971
509 0.000097174824
510 0.000098142651
511 0.000099119530
512 0.000100105540
513 0.000101100759
514 0.000102105268
515 0.000103119146
516 0.000104142474
517 0.000105175336
518 0.000106217811
519 0.000107269984
520 0.000108331938
521 0.000109403758
522 0.000110485528
523 0.000111577333
524 0.000112679260
525 0.000113791396
526 0.000114913829
527 0.000116046646
528 0.000117189937
529 0.000118343791
530 0.000119508298
531 0.000120683550
532 0.000121869639
533 0.000123066656
534 0.000124274694
535 0.000125493849
536 0.000126724214
537 0.000127965884
538 0.000129218956
539 0.000130483527
540 0.000131759693
541 0.000133047554
542 0.000134347208
543 0.000135658756
544 0.000136982296
545 0.000138317932
546 0.000139665765
547 0.000141025898
548 0.000142398435
549 0.000143783480
550 0.000145181138
551 0.000146591516
552 0.000148014720
553 0.000149450858
554 0.000150900038
555 0.000152362370
556 0.000153837964
557 0.000155326931
558 0.000156829383
559 0.000158345431
560 0.000159875191
561 0.000161418776
562 0.000162976301
563 0.000164547882
564 0.000166133637
565 0.000167733683
566 0.000169348139
567 0.000170977125
568 0.000172620760
569 0.000174279167
570 0.000175952468
571 0.000177640785
572 0.000179344244
573 0.000181062968
574 0.000182797084
575 0.000184546720
576 0.000186312002
577 0.000188093060
578 0.000189890023
579 0.000191703022
580 0.000193532188
581 0.000195377655
582 0.000197239556
583 0.000199118026
584 0.000201013199
585 0.000202925214
586 0.000204854207
587 0.000206800316
588 0.000208763682
589 0.000210744446
590 0.000212742748
591 0.000214758732
592 0.000216792541
593 0.000218844320
594 0.000220914215
595 0.000223002373
596 0.000225108942
597 0.000227234071
598 0.000229377909
599 0.000231540609
600 0.000233722322
601 0.000235923202
602 0.000238143403
603 0.000240383082
604 0.000242642394
605 0.000244921497
606 0.000247220552
607 0.000249539717
608 0.000251879154
609 0.000254239026
610 0.000256619495
611 0.000259020728
612 0.000261442890
613 0.000263886147
614 0.000266350669
615 0.000268836625
616 0.000271344185
617 0.000273873522
618 0.000276424809
619 0.000278998220
620 0.000281593931
621 0.000284212118
622 0.000286852960
623 0.000289516636
624 0.000292203327
625 0.000294913215
626 0.000297646482
627 0.000300403314
628 0.000303183896
629 0.000305988415
630 0.000308817060
631 0.000311670021
632 0.000314547487
633 0.000317449653
634 0.000320376710
635 0.000323328856
636 0.000326306285
637 0.000329309196
638 0.000332337787
639 0.000335392261
640 0.000338472817
641 0.000341579660
642 0.000344712994
643 0.000347873026
644 0.000351059963
645 0.000354274014
646 0.000357515389
647 0.000360784301
648 0.000364080962
649 0.000367405587
650 0.000370758394
651 0.000374139598
652 0.000377549421
653 0.000380988081
654 0.000384455802
655 0.000387952808
656 0.000391479323
657 0.000395035574
658 0.000398621791
659 0.000402238201
660 0.000405885038
661 0.000409562534
662 0.000413270923
663 0.000417010442
664 0.000420781329
665 0.000424583822
666 0.000428418163
667 0.000432284595
668 0.000436183361
669 0.000440114707
670 0.000444078881
671 0.000448076133
672 0.000452106712
673 0.000456170871
674 0.000460268865
675 0.000464400950
676 0.000468567382
677 0.000472768421
678 0.000477004328
679 0.000481275367
680 0.000485581800
681 0.000489923895
682 0.000494301919
683 0.000498716143
684 0.000503166837
685 0.000507654275
686 0.000512178731
687 0.000516740484
688 0.000521339811
689 0.000525976993
690 0.000530652313
691 0.000535366054
692 0.000540118503
693 0.000544909947
694 0.000549740676
695 0.000554610983
696 0.000559521160
697 0.000564471503
698 0.000569462309
699 0.000574493878
700 0.000579566511
701 0.000584680510
702 0.000589836182
703 0.000595033834
704 0.000600273773
705 0.000605556312
706 0.000610881763
707 0.000616250442
708 0.000621662665
709 0.000627118752
710 0.000632619023
711 0.000638163802
712 0.000643753414
713 0.000649388187
714 0.000655068449
715 0.000660794533
716 0.000666566771
717 0.000672385499
718 0.000678251056
719 0.000684163781
720 0.000690124016
721 0.000696132105
722 0.000702188395
723 0.000708293234
724 0.000714446973
725 0.000720649965
726 0.000726902564
727 0.000733205130
728 0.000739558020
729 0.000745961597
730 0.000752416224
731 0.000758922269
732 0.000765480100
733 0.000772090087
734 0.000778752604
735 0.000785468026
736 0.000792236731
737 0.000799059100
738 0.000805935514
739 0.000812866358
740 0.000819852020
741 0.000826892890
742 0.000833989359
743 0.000841141821
744 0.000848350673
745 0.000855616315
746 0.000862939148
747 0.000870319576
748 0.000877758006
749 0.000885254847
750 0.000892810509
751 0.000900425407
752 0.000908099958
753 0.000915834580
754 0.000923629695
755 0.000931485727
756 0.000939403102
757 0.000947382250
758 0.000955423602
759 0.000963527592
760 0.000971694658
761 0.000979925239
762 0.000988219777
763 0.000996578716
764 0.001005002505
765 0.001013491593
766 0.001022046433
767 0.001030667480
768 0.001039355193
769 0.001048110032
770 0.001056932460
771 0.001065822945
772 0.001074781954
773 0.001083809961
774 0.001092907438
775 0.001102074864
776 0.001111312718
777 0.001120621484
778 0.001130001647
779 0.001139453696
780 0.001148978122
781 0.001158575419
782 0.001168246085
783 0.001177990618
784 0.001187809524
785 0.001197703306
786 0.001207672474
787 0.001217717539
788 0.001227839016
789 0.001238037422
790 0.001248313279
791 0.001258667108
792 0.001269099438
793 0.001279610797
794 0.001290201717
795 0.001300872735
796 0.001311624389
797 0.001322457220
798 0.001333371773
799 0.001344368597
800 0.001355448241
801 0.001366611260
802 0.001377858211
803 0.001389189654
804 0.001400606152
805 0.001412108273
806 0.001423696585
807 0.001435371662
808 0.001447134080
809 0.001458984418
810 0.001470923259
811 0.001482951188
812 0.001495068795
813 0.001507276672
814 0.001519575415
815 0.001531965621
816 0.001544447894
817 0.001557022840
818 0.001569691066
819 0.001582453186
820 0.001595309814
821 0.001608261569
822 0.001621309075
823 0.001634452956
824 0.001647693842
825 0.001661032366
826 0.001674469162
827 0.001688004872
828 0.001701640137
829 0.001715375604
830 0.001729211923
831 0.001743149747
832 0.001757189733
833 0.001771332543
834 0.001785578838
835 0.001799929288
836 0.001814384564
837 0.001828945339
838 0.001843612293
839 0.001858386107
840 0.001873267466
841 0.001888257061
842 0.001903355584
843 0.001918563731
844 0.001933882202
845 0.001949311702
846 0.001964852939
847 0.001980506622
848 0.001996273468
849 0.002012154195
850 0.002028149526
851 0.002044260187
852 0.002060486909
853 0.002076830425
854 0.002093291473
855 0.002109870794
856 0.002126569135
857 0.002143387244
858 0.002160325874
859 0.002177385783
860 0.002194567732
861 0.002211872485
862 0.002229300811
863 0.002246853483
864 0.002264531278
865 0.002282334976
866 0.002300265362
867 0.002318323224
868 0.002336509356
869 0.002354824553
870 0.002373269617
871 0.002391845352
872 0.002410552567
873 0.002429392076
874 0.002448364694
875 0.002467471243
876 0.002486712548
877 0.002506089438
878 0.002525602747
879 0.002545253313
880 0.002565041978
881 0.002584969586
882 0.002605036989
883 0.002625245041
884 0.002645594600
885 0.002666086529
886 0.002686721696
887 0.002707500971
888 0.002728425230
889 0.002749495354
890 0.002770712226
891 0.002792076735
892 0.002813589774
893 0.002835252240
894 0.002857065035
895 0.002879029064
896 0.002901145238
897 0.002923414472
898 0.002945837685
899 0.002968415799
900 0.002991149745
901 0.003014040452
902 0.003037088860
903 0.003060295909
904 0.003083662544
905 0.003107189717
906 0.003130878382
907 0.003154729499
908 0.003178744031
909 0.003202922947
910 0.003227267221
911 0.003251777829
912 0.003276455755
913 0.003301301985
914 0.003326317510
915 0.003351503326
916 0.003376860436
917 0.003402389842
918 0.003428092557
919 0.003453969595
920 0.003480021975
921 0.003506250721
922 0.003532656862
923 0.003559241432
924 0.003586005470
925 0.003612950018
926 0.003640076124
927 0.003667384841
928 0.003694877227
929 0.003722554344
930 0.003750417258
931 0.003778467043
932 0.003806704774
933 0.003835131534
934 0.003863748409
935 0.003892556490
936 0.003921556873
937 0.003950750661
938 0.003980138958
939 0.004009722877
940 0.004039503533
941 0.004069482046
942 0.004099659544
943 0.004130037157
944 0.004160616020
945 0.004191397275
946 0.004222382068
947 0.004253571549
948 0.004284966875
949 0.004316569206
950 0.004348379709
951 0.004380399554
952 0.004412629919
953 0.004445071984
954 0.004477726935
955 0.004510595965
956 0.004543680270
957 0.004576981051
958 0.004610499516
959 0.004644236877
960 0.004678194351
961 0.004712373161
962 0.004746774534
963 0.004781399702
964 0.004816249906
965 0.004851326386
966 0.004886630393
967 0.004922163179
968 0.004957926004
969 0.004993920132
970 0.005030146833
971 0.005066607382
972 0.005103303058
973 0.005140235148
974 0.005177404941
975 0.005214813735
976 0.005252462830
977 0.005290353534
978 0.005328487158
979 0.005366865020
980 0.005405488444
981 0.005444358756
982 0.005483477291
983 0.005522845389
984 0.005562464393
985 0.005602335653
986 0.005642460525
987 0.005682840369
988 0.005723476553
989 0.005764370446
990 0.005805523428
991 0.005846936880
992 0.005888612190
993 0.005930550752
994 0.005972753965
995 0.006015223234
996 0.006057959970
997 0.006100965586
998 0.006144241506
999 0.006187789155
1000 0.006231609966
1001 0.006275705377
1002 0.006320076831
1003 0.006364725778
1004 0.006409653671
1005 0.006454861971
1006 0.006500352144
1007 0.006546125662
1008 0.006592184000
1009 0.006638528642
1010 0.006685161076
1011 0.006732082796
1012 0.006779295302
1013 0.006826800098
1014 0.006874598696
1015 0.006922692611
1016 0.006971083367
1017 0.007019772490
1018 0.007068761515
1019 0.007118051980
1020 0.007167645431
1021 0.007217543417
1022 0.007267747496
1023 0.007318259229
1024 0.007369080184
1025 0.007420211934
1026 0.007471656059
1027 0.007523414143
1028 0.007575487777
1029 0.007627878557
1030 0.007680588086
1031 0.007733617970
1032 0.007786969825
1033 0.007840645269
1034 0.007894645927
1035 0.007948973431
1036 0.008003629416
1037 0.008058615526
1038 0.008113933408
1039 0.008169584717
1040 0.008225571112
1041 0.008281894259
1042 0.008338555829
1043 0.008395557500
1044 0.008452900955
1045 0.008510587882
1046 0.008568619976
1047 0.008626998937
1048 0.008685726471
1049 0.008744804292
1050 0.008804234116
1051 0.008864017667
1052 0.008924156675
1053 0.008984652875
1054 0.009045508008
1055 0.009106723821
1056 0.009168302068
1057 0.009230244506
1058 0.009292552901
1059 0.009355229022
1060 0.009418274646
1061 0.009481691555
1062 0.009545481536
1063 0.009609646384
1064 0.009674187898
1065 0.009739107883
1066 0.009804408151
1067 0.009870090519
1068 0.009936156809
1069 0.010002608850
1070 0.010069448477
1071 0.010136677530
1072 0.010204297856
1073 0.010272311307
1074 0.010340719741
1075 0.010409525021
1076 0.010478729017
1077 0.010548333604
1078 0.010618340665
1079 0.010688752085
1080 0.010759569759
1081 0.010830795584
1082 0.010902431465
1083 0.010974479314
1084 0.011046941046
1085 0.011119818582
1086 0.011193113852
1087 0.011266828789
1088 0.011340965332
1089 0.011415525427
1090 0.011490511025
1091 0.011565924083
1092 0.011641766563
1093 0.011718040434
1094 0.011794747670
1095 0.011871890253
1096 0.011949470166
1097 0.012027489403
1098 0.012105949960
1099 0.012184853841
1100 0.012264203054
1101 0.012343999615
1102 0.012424245544
1103 0.012504942867
1104 0.012586093616
1105 0.012667699829
1106 0.012749763549
1107 0.012832286825
1108 0.012915271712
1109 0.012998720272
1110 0.013082634569
1111 0.013167016676
1112 0.013251868671
1113 0.013337192636
1114 0.013422990662
1115 0.013509264842
1116 0.013596017277
1117 0.013683250073
1118 0.013770965342
1119 0.013859165200
1120 0.013947851771
1121 0.014037027183
1122 0.014126693570
1123 0.014216853072
1124 0.014307507833
1125 0.014398660006
1126 0.014490311746
1127 0.014582465216
1128 0.014675122582
1129 0.014768286018
1130 0.014861957702
1131 0.014956139819
1132 0.015050834558
1133 0.015146044114
1134 0.015241770688
1135 0.015338016485
1136 0.015434783718
1137 0.015532074603
1138 0.015629891362
1139 0.015728236224
1140 0.015827111421
1141 0.015926519193
1142 0.016026461782
1143 0.016126941439
1144 0.016227960418
1145 0.016329520979
1146 0.016431625388
1147 0.016534275915
1148 0.016637474836
1149 0.016741224433
1150 0.016845526991
1151 0.016950384804
1152 0.017055800167
1153 0.017161775383
1154 0.017268312760
1155 0.017375414611
1156 0.017483083252
1157 0.017591321008
1158 0.017700130206
1159 0.017809513180
1160 0.017919472267
1161 0.018030009812
1162 0.018141128164
1163 0.018252829674
1164 0.018365116704
1165 0.018477991615
1166 0.018591456777
1167 0.018705514564
1168 0.018820167354
1169 0.018935417531
1170 0.019051267483
1171 0.019167719604
1172 0.019284776293
1173 0.019402439951
1174 0.019520712989
1175 0.019639597818
1176 0.019759096856
1177 0.019879212526
1178 0.019999947255
1179 0.020121303475
1180 0.020243283623
1181 0.020365890141
1182 0.020489125474
1183 0.020612992074
1184 0.020737492396
1185 0.020862628900
1186 0.020988404051
1187 0.021114820318
1188 0.021241880175
1189 0.021369586100
1190 0.021497940577
1191 0.021626946092
1192 0.021756605138
1193 0.021886920210
1194 0.022017893810
1195 0.022149528442
1196 0.022281826616
1197 0.022414790846
1198 0.022548423649
1199 0.022682727548
1200 0.022817705070
1201 0.022953358745
1202 0.023089691109
1203 0.023226704700
1204 0.023364402062
1205 0.023502785742
1206 0.023641858293
1207 0.023781622269
1208 0.023922080231
1209 0.024063234741
1210 0.024205088369
1211 0.024347643684
1212 0.024490903264
1213 0.024634869687
1214 0.024779545537
1215 0.024924933401
1216 0.025071035870
1217 0.025217855539
1218 0.025365395006
1219 0.025513656874
1220 0.025662643747
1221 0.025812358237
1222 0.025962802957
1223 0.026113980522
1224 0.026265893554
1225 0.026418544676
1226 0.026571936515
1227 0.026726071704
1228 0.026880952875
1229 0.027036582668
1230 0.027192963722
1231 0.027350098682
1232 0.027507990196
1233 0.027666640915
1234 0.027826053493
1235 0.027986230587
1236 0.028147174859
1237 0.028308888972
1238 0.028471375592
1239 0.028634637390
1240 0.028798677039
1241 0.028963497213
1242 0.029129100594
1243 0.029295489860
1244 0.029462667699
1245 0.029630636797
1246 0.029799399844
1247 0.029968959533
1248 0.030139318561
1249 0.030310479625
1250 0.030482445428
1251 0.030655218671
1252 0.030828802063
1253 0.031003198312
1254 0.031178410128
1255 0.031354440227
1256 0.031531291324
1257 0.031708966138
1258 0.031887467389
1259 0.032066797802
1260 0.032246960102
1261 0.032427957016
1262 0.032609791274
1263 0.032792465609
1264 0.032975982754
1265 0.033160345447
1266 0.033345556424
1267 0.033531618427
1268 0.033718534197
1269 0.033906306479
1270 0.034094938018
1271 0.034284431563
1272 0.034474789862
1273 0.034666015666
1274 0.034858111729
1275 0.035051080805
1276 0.035244925650
1277 0.035439649021
1278 0.035635253678
1279 0.035831742381
1280 0.036029117892
1281 0.036227382974
1282 0.036426540392
1283 0.036626592911
1284 0.036827543299
1285 0.037029394324
1286 0.037232148755
1287 0.037435809363
1288 0.037640378918
1289 0.037845860194
1290 0.038052255964
1291 0.038259569001
1292 0.038467802082
1293 0.038676957982
1294 0.038887039477
1295 0.039098049345
1296 0.039309990365
1297 0.039522865313
1298 0.039736676970
1299 0.039951428115
1300 0.040167121528
1301 0.040383759989
1302 0.040601346280
1303 0.040819883180
1304 0.041039373473
1305 0.041259819938
1306 0.041481225358
1307 0.041703592515
1308 0.041926924190
1309 0.042151223164
1310 0.042376492220
1311 0.042602734139
1312 0.042829951702
1313 0.043058147691
1314 0.043287324887
1315 0.043517486069
1316 0.043748634018
1317 0.043980771514
1318 0.044213901336
1319 0.044448026263
1320 0.044683149072
1321 0.044919272541
1322 0.045156399447
1323 0.045394532565
1324 0.045633674671
1325 0.045873828539
1326 0.046114996942
1327 0.046357182652
1328 0.046600388441
1329 0.046844617078
1330 0.047089871333
1331 0.047336153974
1332 0.047583467766
1333 0.047831815475
1334 0.048081199864
1335 0.048331623697
1336 0.048583089733
1337 0.048835600732
1338 0.049089159451
1339 0.049343768646
1340 0.049599431073
1341 0.049856149481
1342 0.050113926624
1343 0.050372765248
1344 0.050632668101
1345 0.050893637926
1346 0.051155677468
1347 0.051418789465
1348 0.051682976656
1349 0.051948241777
1350 0.052214587561
1351 0.052482016739
1352 0.052750532041
1353 0.053020136191
1354 0.053290831914
1355 0.053562621930
1356 0.053835508958
1357 0.054109495713
1358 0.054384584907
1359 0.054660779251
1360 0.054938081450
1361 0.055216494209
1362 0.055496020228
1363 0.055776662205
1364 0.056058422833
1365 0.056341304805
1366 0.056625310807
1367 0.056910443524
1368 0.057196705636
1369 0.057484099821
1370 0.057772628752
1371 0.058062295100
1372 0.058353101531
1373 0.058645050707
1374 0.058938145287
1375 0.059232387925
1376 0.059527781273
1377 0.059824327977
1378 0.060122030680
1379 0.060420892020
1380 0.060720914631
1381 0.061022101144
1382 0.061324454183
1383 0.061627976370
1384 0.061932670321
1385 0.062238538649
1386 0.062545583961
1387 0.062853808858
1388 0.063163215940
1389 0.063473807799
1390 0.063785587023
1391 0.064098556196
1392 0.064412717895
1393 0.064728074694
1394 0.065044629160
1395 0.065362383856
1396 0.065681341338
1397 0.066001504160
1398 0.066322874867
1399 0.066645456000
1400 0.066969250095
1401 0.067294259680
1402 0.067620487281
1403 0.067947935415
1404 0.068276606594
1405 0.068606503325
1406 0.068937628107
1407 0.069269983436
1408 0.069603571800
1409 0.069938395679
1410 0.070274457550
1411 0.070611759883
1412 0.070950305139
1413 0.071290095776
1414 0.071631134242
1415 0.071973422982
1416 0.072316964431
1417 0.072661761020
1418 0.073007815171
1419 0.073355129300
1420 0.073703705816
1421 0.074053547122
1422 0.074404655611
1423 0.074757033671
1424 0.075110683683
1425 0.075465608019
1426 0.075821809046
1427 0.076179289121
1428 0.076538050595
1429 0.076898095811
1430 0.077259427104
1431 0.077622046801
1432 0.077985957222
1433 0.078351160680
1434 0.078717659477
1435 0.079085455909
1436 0.079454552264
1437 0.079824950821
1438 0.080196653852
1439 0.080569663619
1440 0.080943982377
1441 0.081319612371
1442 0.081696555839
1443 0.082074815010
1444 0.082454392103
1445 0.082835289330
1446 0.083217508894
1447 0.083601052987
1448 0.083985923794
1449 0.084372123492
1450 0.084759654245
1451 0.085148518212
1452 0.085538717540
1453 0.085930254368
1454 0.086323130824
1455 0.086717349029
1456 0.087112911093
1457 0.087509819115
1458 0.087908075187
1459 0.088307681390
1460 0.088708639794
1461 0.089110952461
1462 0.089514621442
1463 0.089919648778
1464 0.090326036500
1465 0.090733786629
1466 0.091142901176
1467 0.091553382140
1468 0.091965231511
1469 0.092378451268
1470 0.092793043380
1471 0.093209009805
1472 0.093626352490
1473 0.094045073371
1474 0.094465174375
1475 0.094886657416
1476 0.095309524397
1477 0.095733777211
1478 0.096159417740
1479 0.096586447853
1480 0.097014869410
1481 0.097444684259
1482 0.097875894234
1483 0.098308501162
1484 0.098742506855
1485 0.099177913114
1486 0.099614721729
1487 0.100052934477
1488 0.100492553126
1489 0.100933579429
1490 0.101376015128
1491 0.101819861953
1492 0.102265121622
1493 0.102711795840
1494 0.103159886301
1495 0.103609394686
1496 0.104060322663
1497 0.104512671888
1498 0.104966444005
1499 0.105421640645
1500 0.105878263425
1501 0.106336313952
1502 0.106795793816
1503 0.107256704599
1504 0.107719047866
1505 0.108182825171
1506 0.108648038055
1507 0.109114688043
1508 0.109582776651
1509 0.110052305379
1510 0.110523275713
1511 0.110995689128
1512 0.111469547084
1513 0.111944851026
1514 0.112421602388
1515 0.112899802589
1516 0.113379453034
1517 0.113860555114
1518 0.114343110206
1519 0.114827119675
1520 0.115312584868
1521 0.115799507121
1522 0.116287887754
1523 0.116777728076
1524 0.117269029376
1525 0.117761792933
1526 0.118256020011
1527 0.118751711857
1528 0.119248869707
1529 0.119747494778
1530 0.120247588276
1531 0.120749151390
1532 0.121252185295
1533 0.121756691151
1534 0.122262670103
1535 0.122770123280
1536 0.123279051796
1537 0.123789456752
1538 0.124301339230
1539 0.124814700300
1540 0.125329541015
1541 0.125845862413
1542 0.126363665515
1543 0.126882951329
1544 0.127403720845
1545 0.127925975038
1546 0.128449714867
1547 0.128974941277
1548 0.129501655194
1549 0.130029857531
1550 0.130559549182
1551 0.131090731027
1552 0.131623403929
1553 0.132157568736
1554 0.132693226277
1555 0.133230377367
1556 0.133769022804
1557 0.134309163369
1558 0.134850799827
1559 0.135393932927
1560 0.135938563399
1561 0.136484691959
1562 0.137032319305
1563 0.137581446117
1564 0.138132073061
1565 0.138684200783
1566 0.139237829914
1567 0.139792961067
1568 0.140349594838
1569 0.140907731806
1570 0.141467372533
1571 0.142028517562
1572 0.142591167422
1573 0.143155322621
1574 0.143720983651
1575 0.144288150987
1576 0.144856825087
1577 0.145427006389
1578 0.145998695314
1579 0.146571892268
1580 0.147146597635
1581 0.147722811784
1582 0.148300535065
1583 0.148879767810
1584 0.149460510334
1585 0.150042762933
1586 0.150626525885
1587 0.151211799450
1588 0.151798583869
1589 0.152386879366
1590 0.152976686145
1591 0.153568004394
1592 0.154160834280
1593 0.154755175954
1594 0.155351029546
1595 0.155948395168
1596 0.156547272916
1597 0.157147662863
1598 0.157749565067
1599 0.158352979565
1600 0.158957906377
1601 0.159564345501
1602 0.160172296920
1603 0.160781760594
1604 0.161392736468
1605 0.162005224466
1606 0.162619224492
1607 0.163234736431
1608 0.163851760151
1609 0.164470295499
1610 0.165090342303
1611 0.165711900371
1612 0.166334969492
1613 0.166959549437
1614 0.167585639956
1615 0.168213240780
1616 0.168842351620
1617 0.169472972168
1618 0.170105102095
1619 0.170738741055
1620 0.171373888680
1621 0.172010544583
1622 0.172648708358
1623 0.173288379576
1624 0.173929557793
1625 0.174572242541
1626 0.175216433334
1627 0.175862129666
1628 0.176509331010
1629 0.177158036820
1630 0.177808246529
1631 0.178459959550
1632 0.179113175277
1633 0.179767893083
1634 0.180424112319
1635 0.181081832320
1636 0.181741052395
1637 0.182401771838
1638 0.183063989920
1639 0.183727705892
1640 0.184392918984
1641 0.185059628406
1642 0.185727833348
1643 0.186397532979
1644 0.187068726447
1645 0.187741412880
1646 0.188415591386
1647 0.189091261051
1648 0.189768420940
1649 0.190447070100
1650 0.191127207555
1651 0.191808832307
1652 0.192491943341
1653 0.193176539619
1654 0.193862620080
1655 0.194550183647
1656 0.195239229218
1657 0.195929755673
1658 0.196621761867
1659 0.197315246639
1660 0.198010208805
1661 0.198706647157
1662 0.199404560471
1663 0.200103947499
1664 0.200804806973
1665 0.201507137602
1666 0.202210938076
1667 0.202916207064
1668 0.203622943212
1669 0.204331145146
1670 0.205040811470
1671 0.205751940769
1672 0.206464531605
1673 0.207178582518
1674 0.207894092028
1675 0.208611058633
1676 0.209329480811
1677 0.210049357018
1678 0.210770685688
1679 0.211493465234
1680 0.212217694048
1681 0.212943370500
1682 0.213670492940
1683 0.214399059696
1684 0.215129069073
1685 0.215860519357
1686 0.216593408812
1687 0.217327735678
1688 0.218063498178
1689 0.218800694509
1690 0.219539322851
1691 0.220279381358
1692 0.221020868167
1693 0.221763781391
1694 0.222508119120
1695 0.223253879427
1696 0.224001060359
1697 0.224749659945
1698 0.225499676189
1699 0.226251107077
1700 0.227003950572
1701 0.227758204614
1702 0.228513867125
1703 0.229270936002
1704 0.230029409122
1705 0.230789284340
1706 0.231550559492
1707 0.232313232388
1708 0.233077300820
1709 0.233842762557
1710 0.234609615348
1711 0.235377856918
1712 0.236147484973
1713 0.236918497195
1714 0.237690891248
1715 0.238464664771
1716 0.239239815382
1717 0.240016340681
1718 0.240794238243
1719 0.241573505622
1720 0.242354140352
1721 0.243136139944
1722 0.243919501889
1723 0.244704223655
1724 0.245490302690
1725 0.246277736421
1726 0.247066522251
1727 0.247856657564
1728 0.248648139723
1729 0.249440966067
1730 0.250235133916
1731 0.251030640568
1732 0.251827483300
1733 0.252625659367
1734 0.253425166003
1735 0.254226000421
1736 0.255028159812
1737 0.255831641348
1738 0.256636442177
1739 0.257442559426
1740 0.258249990204
1741 0.259058731595
1742 0.259868780665
1743 0.260680134456
1744 0.261492789992
1745 0.262306744272
1746 0.263121994278
1747 0.263938536969
1748 0.264756369283
1749 0.265575488138
1750 0.266395890429
1751 0.267217573032
1752 0.268040532802
1753 0.268864766573
1754 0.269690271156
1755 0.270517043345
1756 0.271345079910
1757 0.272174377602
1758 0.273004933151
1759 0.273836743265
1760 0.274669804633
1761 0.275504113923
1762 0.276339667783
1763 0.277176462838
1764 0.278014495694
1765 0.278853762938
1766 0.279694261133
1767 0.280535986826
1768 0.281378936540
1769 0.282223106779
1770 0.283068494026
1771 0.283915094746
1772 0.284762905380
1773 0.285611922351
1774 0.286462142063
1775 0.287313560897
1776 0.288166175216
1777 0.289019981362
1778 0.289874975658
1779 0.290731154406
1780 0.291588513888
1781 0.292447050366
1782 0.293306760084
1783 0.294167639263
1784 0.295029684108
1785 0.295892890801
1786 0.296757255506
1787 0.297622774366
1788 0.298489443507
1789 0.299357259034
1790 0.300226217030
1791 0.301096313564
1792 0.301967544680
1793 0.302839906407
1794 0.303713394752
1795 0.304588005703
1796 0.305463735231
1797 0.306340579285
1798 0.307218533797
1799 0.308097594679
1800 0.308977757824
1801 0.309859019106
1802 0.310741374381
1803 0.311624819486
1804 0.312509350237
1805 0.313394962434
1806 0.314281651858
1807 0.315169414269
1808 0.316058245412
1809 0.316948141012
1810 0.317839096773
1811 0.318731108385
1812 0.319624171517
1813 0.320518281820
1814 0.321413434928
1815 0.322309626455
1816 0.323206851998
1817 0.324105107137
1818 0.325004387432
1819 0.325904688426
1820 0.326806005645
1821 0.327708334596
1822 0.328611670769
1823 0.329516009636
1824 0.330421346652
1825 0.331327677254
1826 0.332234996861
1827 0.333143300876
1828 0.334052584684
1829 0.334962843653
1830 0.335874073133
1831 0.336786268457
1832 0.337699424943
1833 0.338613537889
1834 0.339528602579
1835 0.340444614278
1836 0.341361568236
1837 0.342279459684
1838 0.343198283839
1839 0.344118035899
1840 0.345038711049
1841 0.345960304453
1842 0.346882811263
1843 0.347806226612
1844 0.348730545618
1845 0.349655763383
1846 0.350581874993
1847 0.351508875516
1848 0.352436760008
1849 0.353365523506
1850 0.354295161032
1851 0.355225667595
1852 0.356157038184
1853 0.357089267775
1854 0.358022351330
1855 0.358956283794
1856 0.359891060095
1857 0.360826675150
1858 0.361763123857
1859 0.362700401103
1860 0.363638501756
1861 0.364577420671
1862 0.365517152690
1863 0.366457692638
1864 0.367399035326
1865 0.368341175550
1866 0.369284108094
1867 0.370227827725
1868 0.371172329197
1869 0.372117607250
1870 0.373063656610
1871 0.374010471987
1872 0.374958048081
1873 0.375906379575
1874 0.376855461140
1875 0.377805287432
1876 0.378755853096
1877 0.379707152759
1878 0.380659181041
1879 0.381611932542
1880 0.382565401855
1881 0.383519583556
1882 0.384474472209
1883 0.385430062365
1884 0.386386348564
1885 0.387343325330
1886 0.388300987178
1887 0.389259328608
1888 0.390218344108
1889 0.391178028155
1890 0.392138375212
1891 0.393099379731
1892 0.394061036152
1893 0.395023338903
1894 0.395986282399
1895 0.396949861046
1896 0.397914069235
1897 0.398878901347
1898 0.399844351753
1899 0.400810414810
1900 0.401777084866
1901 0.402744356257
1902 0.403712223307
1903 0.404680680330
1904 0.405649721630
1905 0.406619341499
1906 0.407589534219
1907 0.408560294060
1908 0.409531615284
1909 0.410503492140
1910 0.411475918870
1911 0.412448889703
1912 0.413422398858
1913 0.414396440547
1914 0.415371008970
1915 0.416346098316
1916 0.417321702767
1917 0.418297816494
1918 0.419274433660
1919 0.420251548416
1920 0.421229154907
1921 0.422207247266
1922 0.423185819619
1923 0.424164866083
1924 0.425144380765
1925 0.426124357764
1926 0.427104791172
1927 0.428085675069
1928 0.429067003529
1929 0.430048770619
1930 0.431030970394
1931 0.432013596905
1932 0.432996644193
1933 0.433980106292
1934 0.434963977226
1935 0.435948251015
1936 0.436932921669
1937 0.437917983192
1938 0.438903429579
1939 0.439889254820
1940 0.440875452896
1941 0.441862017783
1942 0.442848943448
1943 0.443836223853
1944 0.444823852953
1945 0.445811824696
1946 0.446800133024
1947 0.447788771873
1948 0.448777735172
1949 0.449767016844
1950 0.450756610808
1951 0.451746510974
1952 0.452736711250
1953 0.453727205534
1954 0.454717987723
1955 0.455709051705
1956 0.456700391365
1957 0.457692000582
1958 0.458683873230
1959 0.459676003178
1960 0.460668384291
1961 0.461661010428
1962 0.462653875445
1963 0.463646973191
1964 0.464640297513
1965 0.465633842254
1966 0.466627601250
1967 0.467621568337
1968 0.468615737344
1969 0.469610102096
1970 0.470604656418
1971 0.471599394127
1972 0.472594309040
1973 0.473589394968
1974 0.474584645721
1975 0.475580055104
1976 0.476575616921
1977 0.477571324972
1978 0.478567173054
1979 0.479563154963
1980 0.480559264489
1981 0.481555495424
1982 0.482551841554
1983 0.483548296666
1984 0.484544854542
1985 0.485541508965
1986 0.486538253713
1987 0.487535082566
1988 0.488531989298
1989 0.489528967686
1990 0.490526011502
1991 0.491523114520
1992 0.492520270510
1993 0.493517473243
1994 0.494514716489
1995 0.495511994015
1996 0.496509299589
1997 0.497506626980
1998 0.498503969955
1999 0.499501322279
2000 0.500498677721
2001 0.501496030045
2002 0.502493373020
2003 0.503490700411
2004 0.504488005985
2005 0.505485283511
2006 0.506482526757
2007 0.507479729490
2008 0.508476885480
2009 0.509473988498
2010 0.510471032314
2011 0.511468010702
2012 0.512464917434
2013 0.513461746287
2014 0.514458491035
2015 0.515455145458
2016 0.516451703334
2017 0.517448158446
2018 0.518444504576
2019 0.519440735511
2020 0.520436845037
2021 0.521432826946
2022 0.522428675028
2023 0.523424383079
2024 0.524419944896
2025 0.525415354279
2026 0.526410605032
2027 0.527405690960
2028 0.528400605873
2029 0.529395343582
2030 0.530389897904
2031 0.531384262656
2032 0.532378431663
2033 0.533372398750
2034 0.534366157746
2035 0.535359702487
2036 0.536353026809
2037 0.537346124555
2038 0.538338989572
2039 0.539331615709
2040 0.540323996822
2041 0.541316126770
2042 0.542307999418
2043 0.543299608635
2044 0.544290948295
2045 0.545282012277
2046 0.546272794466
2047 0.547263288750
2048 0.548253489026
2049 0.549243389192
2050 0.550232983156
2051 0.551222264828
2052 0.552211228127
2053 0.553199866976
2054 0.554188175304
2055 0.555176147047
2056 0.556163776147
2057 0.557151056552
2058 0.558137982217
2059 0.559124547104
2060 0.560110745180
2061 0.561096570421
2062 0.562082016808
2063 0.563067078331
2064 0.564051748985
2065 0.565036022774
2066 0.566019893708
2067 0.567003355807
2068 0.567986403095
2069 0.568969029606
2070 0.569951229381
2071 0.570932996471
2072 0.571914324931
2073 0.572895208828
2074 0.573875642236
2075 0.574855619235
2076 0.575835133917
2077 0.576814180381
2078 0.577792752734
2079 0.578770845093
2080 0.579748451584
2081 0.580725566340
2082 0.581702183506
2083 0.582678297233
2084 0.583653901684
2085 0.584628991030
2086 0.585603559453
2087 0.586577601142
2088 0.587551110297
2089 0.588524081130
2090 0.589496507860
2091 0.590468384716
2092 0.591439705940
2093 0.592410465781
2094 0.593380658501
2095 0.594350278370
2096 0.595319319670
2097 0.596287776693
2098 0.597255643743
2099 0.598222915134
2100 0.599189585190
2101 0.600155648247
2102 0.601121098653
2103 0.602085930765
2104 0.603050138954
2105 0.604013717601
2106 0.604976661097
2107 0.605938963848
2108 0.606900620269
2109 0.607861624788
2110 0.608821971845
2111 0.609781655892
2112 0.610740671392
2113 0.611699012822
2114 0.612656674670
2115 0.613613651436
2116 0.614569937635
2117 0.615525527791
2118 0.616480416444
2119 0.617434598145
2120 0.618388067458
2121 0.619340818959
2122 0.620292847241
2123 0.621244146904
2124 0.622194712568
2125 0.623144538860
2126 0.624093620425
2127 0.625041951919
2128 0.625989528013
2129 0.626936343390
2130 0.627882392750
2131 0.628827670803
2132 0.629772172275
2133 0.630715891906
2134 0.631658824450
2135 0.632600964674
2136 0.633542307362
2137 0.634482847310
2138 0.635422579329
2139 0.636361498244
2140 0.637299598897
2141 0.638236876143
2142 0.639173324850
2143 0.640108939905
2144 0.641043716206
2145 0.641977648670
2146 0.642910732225
2147 0.643842961816
2148 0.644774332405
2149 0.645704838968
2150 0.646634476494
2151 0.647563239992
2152 0.648491124484
2153 0.649418125007
2154 0.650344236617
2155 0.651269454382
2156 0.652193773388
2157 0.653117188737
2158 0.654039695547
2159 0.654961288951
2160 0.655881964101
2161 0.656801716161
2162 0.657720540316
2163 0.658638431764
2164 0.659555385722
2165 0.660471397421
2166 0.661386462111
2167 0.662300575057
2168 0.663213731543
2169 0.664125926867
2170 0.665037156347
2171 0.665947415316
2172 0.666856699124
2173 0.667765003139
2174 0.668672322746
2175 0.669578653348
2176 0.670483990364
2177 0.671388329231
2178 0.672291665404
2179 0.673193994355
2180 0.674095311574
2181 0.674995612568
2182 0.675894892863
2183 0.676793148002
2184 0.677690373545
2185 0.678586565072
2186 0.679481718180
2187 0.680375828483
2188 0.681268891615
2189 0.682160903227
2190 0.683051858988
2191 0.683941754588
2192 0.684830585731
2193 0.685718348142
2194 0.686605037566
2195 0.687490649763
2196 0.688375180514
2197 0.689258625619
2198 0.690140980894
2199 0.691022242176
2200 0.691902405321
2201 0.692781466203
2202 0.693659420715
2203 0.694536264769
2204 0.695411994297
2205 0.696286605248
2206 0.697160093593
2207 0.698032455320
2208 0.698903686436
2209 0.699773782970
2210 0.700642740966
2211 0.701510556493
2212 0.702377225634
2213 0.703242744494
2214 0.704107109199
2215 0.704970315892
2216 0.705832360737
2217 0.706693239916
2218 0.707552949634
2219 0.708411486112
2220 0.709268845594
2221 0.710125024342
2222 0.710980018638
2223 0.711833824784
2224 0.712686439103
2225 0.713537857937
2226 0.714388077649
2227 0.715237094620
2228 0.716084905254
2229 0.716931505974
2230 0.717776893221
2231 0.718621063460
2232 0.719464013174
2233 0.720305738867
2234 0.721146237062
2235 0.721985504306
2236 0.722823537162
2237 0.723660332217
2238 0.724495886077
2239 0.725330195367
2240 0.726163256735
2241 0.726995066849
2242 0.727825622398
2243 0.728654920090
2244 0.729482956655
2245 0.730309728844
2246 0.731135233427
2247 0.731959467198
2248 0.732782426968
2249 0.733604109571
2250 0.734424511862
2251 0.735243630717
2252 0.736061463031
2253 0.736878005722
2254 0.737693255728
2255 0.738507210008
2256 0.739319865544
2257 0.740131219335
2258 0.740941268405
2259 0.741750009796
2260 0.742557440574
2261 0.743363557823
2262 0.744168358652
2263 0.744971840188
2264 0.745773999579
2265 0.746574833997
2266 0.747374340633
2267 0.748172516700
2268 0.748969359432
2269 0.749764866084
2270 0.750559033933
2271 0.751351860277
2272 0.752143342436
2273 0.752933477749
2274 0.753722263579
2275 0.754509697310
2276 0.755295776345
2277 0.756080498111
2278 0.756863860056
2279 0.757645859648
2280 0.758426494378
2281 0.759205761757
2282 0.759983659319
2283 0.760760184618
2284 0.761535335229
2285 0.762309108752
2286 0.763081502805
2287 0.763852515027
2288 0.764622143082
2289 0.765390384652
2290 0.766157237443
2291 0.766922699180
2292 0.767686767612
2293 0.768449440508
2294 0.769210715660
2295 0.769970590878
2296 0.770729063998
2297 0.771486132875
2298 0.772241795386
2299 0.772996049428
2300 0.773748892923
2301 0.774500323811
2302 0.775250340055
2303 0.775998939641
2304 0.776746120573
2305 0.777491880880
2306 0.778236218609
2307 0.778979131833
2308 0.779720618642
2309 0.780460677149
2310 0.781199305491
2311 0.781936501822
2312 0.782672264322
2313 0.783406591188
2314 0.784139480643
2315 0.784870930927
2316 0.785600940304
2317 0.786329507060
2318 0.787056629500
2319 0.787782305952
2320 0.788506534766
2321 0.789229314312
2322 0.789950642982
2323 0.790670519189
2324 0.791388941367
2325 0.792105907972
2326 0.792821417482
2327 0.793535468395
2328 0.794248059231
2329 0.794959188530
2330 0.795668854854
2331 0.796377056788
2332 0.797083792936
2333 0.797789061924
2334 0.798492862398
2335 0.799195193027
2336 0.799896052501
2337 0.800595439529
2338 0.801293352843
2339 0.801989791195
2340 0.802684753361
2341 0.803378238133
2342 0.804070244327
2343 0.804760770782
2344 0.805449816353
2345 0.806137379920
2346 0.806823460381
2347 0.807508056659
2348 0.808191167693
2349 0.808872792445
2350 0.809552929900
2351 0.810231579060
2352 0.810908738949
2353 0.811584408614
2354 0.812258587120
2355 0.812931273553
2356 0.813602467021
2357 0.814272166652
2358 0.814940371594
2359 0.815607081016
2360 0.816272294108
2361 0.816936010080
2362 0.817598228162
2363 0.818258947605
2364 0.818918167680
2365 0.819575887681
2366 0.820232106917
2367 0.820886824723
2368 0.821540040450
2369 0.822191753471
2370 0.822841963180
2371 0.823490668990
2372 0.824137870334
2373 0.824783566666
2374 0.825427757459
2375 0.826070442207
2376 0.826711620424
2377 0.827351291642
2378 0.827989455417
2379 0.828626111320
2380 0.829261258945
2381 0.829894897905
2382 0.830527027832
2383 0.831157648380
2384 0.831786759220
2385 0.832414360044
2386 0.833040450563
2387 0.833665030508
2388 0.834288099629
2389 0.834909657697
2390 0.835529704501
2391 0.836148239849
2392 0.836765263569
2393 0.837380775508
2394 0.837994775534
2395 0.838607263532
2396 0.839218239406
2397 0.839827703080
2398 0.840435654499
2399 0.841042093623
2400 0.841647020435
2401 0.842250434933
2402 0.842852337137
2403 0.843452727084
2404 0.844051604832
2405 0.844648970454
2406 0.845244824046
2407 0.845839165720
2408 0.846431995606
2409 0.847023313855
2410 0.847613120634
2411 0.848201416131
2412 0.848788200550
2413 0.849373474115
2414 0.849957237067
2415 0.850539489666
2416 0.851120232190
2417 0.851699464935
2418 0.852277188216
2419 0.852853402365
2420 0.853428107732
2421 0.854001304686
2422 0.854572993611
2423 0.855143174913
2424 0.855711849013
2425 0.856279016349
2426 0.856844677379
2427 0.857408832578
2428 0.857971482438
2429 0.858532627467
2430 0.859092268194
2431 0.859650405162
2432 0.860207038933
2433 0.860762170086
2434 0.861315799217
2435 0.861867926939
2436 0.862418553883
2437 0.862967680695
2438 0.863515308041
2439 0.864061436601
2440 0.864606067073
2441 0.865149200173
2442 0.865690836631
2443 0.866230977196
2444 0.866769622633
2445 0.867306773723
2446 0.867842431264
2447 0.868376596071
2448 0.868909268973
2449 0.869440450818
2450 0.869970142469
2451 0.870498344806
2452 0.871025058723
2453 0.871550285133
2454 0.872074024962
2455 0.872596279155
2456 0.873117048671
2457 0.873636334485
2458 0.874154137587
2459 0.874670458985
2460 0.875185299700
2461 0.875698660770
2462 0.876210543248
2463 0.876720948204
2464 0.877229876720
2465 0.877737329897
2466 0.878243308849
2467 0.878747814705
2468 0.879250848610
2469 0.879752411724
2470 0.880252505222
2471 0.880751130293
2472 0.881248288143
2473 0.881743979989
2474 0.882238207067
2475 0.882730970624
2476 0.883222271924
2477 0.883712112246
2478 0.884200492879
2479 0.884687415132
2480 0.885172880325
2481 0.885656889794
2482 0.886139444886
2483 0.886620546966
2484 0.887100197411
2485 0.887578397612
2486 0.888055148974
2487 0.888530452916
2488 0.889004310872
2489 0.889476724287
2490 0.889947694621
2491 0.890417223349
2492 0.890885311957
2493 0.891351961945
2494 0.891817174829
2495 0.892280952134
2496 0.892743295401
2497 0.893204206184
2498 0.893663686048
2499 0.894121736575
2500 0.894578359355
2501 0.895033555995
2502 0.895487328112
2503 0.895939677337
2504 0.896390605314
2505 0.896840113699
2506 0.897288204160
2507 0.897734878378
2508 0.898180138047
2509 0.898623984872
2510 0.899066420571
2511 0.899507446874
2512 0.899947065523
2513 0.900385278271
2514 0.900822086886
2515 0.901257493145
2516 0.901691498838
2517 0.902124105766
2518 0.902555315741
2519 0.902985130590
2520 0.903413552147
2521 0.903840582260
2522 0.904266222789
2523 0.904690475603
2524 0.905113342584
2525 0.905534825625
2526 0.905954926629
2527 0.906373647510
2528 0.906790990195
2529 0.907206956620
2530 0.907621548732
2531 0.908034768489
2532 0.908446617860
2533 0.908857098824
2534 0.909266213371
2535 0.909673963500
2536 0.910080351222
2537 0.910485378558
2538 0.910889047539
2539 0.911291360206
2540 0.911692318610
2541 0.912091924813
2542 0.912490180885
2543 0.912887088907
2544 0.913282650971
2545 0.913676869176
2546 0.914069745632
2547 0.914461282460
2548 0.914851481788
2549 0.915240345755
2550 0.915627876508
2551 0.916014076206
2552 0.916398947013
2553 0.916782491106
2554 0.917164710670
2555 0.917545607897
2556 0.917925184990
2557 0.918303444161
2558 0.918680387629
2559 0.919056017623
2560 0.919430336381
2561 0.919803346148
2562 0.920175049179
2563 0.920545447736
2564 0.920914544091
2565 0.921282340523
2566 0.921648839320
2567 0.922014042778
2568 0.922377953199
2569 0.922740572896
2570 0.923101904189
2571 0.923461949405
2572 0.923820710879
2573 0.924178190954
2574 0.924534391981
2575 0.924889316317
2576 0.925242966329
2577 0.925595344389
2578 0.925946452878
2579 0.926296294184
2580 0.926644870700
2581 0.926992184829
2582 0.927338238980
2583 0.927683035569
2584 0.928026577018
2585 0.928368865758
2586 0.928709904224
2587 0.929049694861
2588 0.929388240117
2589 0.929725542450
2590 0.930061604321
2591 0.930396428200
2592 0.930730016564
2593 0.931062371893
2594 0.931393496675
2595 0.931723393406
2596 0.932052064585
2597 0.932379512719
2598 0.932705740320
2599 0.933030749905
2600 0.933354544000
2601 0.933677125133
2602 0.933998495840
2603 0.934318658662
2604 0.934637616144
2605 0.934955370840
2606 0.935271925306
2607 0.935587282105
2608 0.935901443804
2609 0.936214412977
2610 0.936526192201
2611 0.936836784060
2612 0.937146191142
2613 0.937454416039
2614 0.937761461351
2615 0.938067329679
2616 0.938372023630
2617 0.938675545817
2618 0.938977898856
2619 0.939279085369
2620 0.939579107980
2621 0.939877969320
2622 0.940175672023
2623 0.940472218727
2624 0.940767612075
2625 0.941061854713
2626 0.941354949293
2627 0.941646898469
2628 0.941937704900
2629 0.942227371248
2630 0.942515900179
2631 0.942803294364
2632 0.943089556476
2633 0.943374689193
2634 0.943658695195
2635 0.943941577167
2636 0.944223337795
2637 0.944503979772
2638 0.944783505791
2639 0.945061918550
2640 0.945339220749
2641 0.945615415093
2642 0.945890504287
2643 0.946164491042
2644 0.946437378070
2645 0.946709168086
2646 0.946979863809
2647 0.947249467959
2648 0.947517983261
2649 0.947785412439
2650 0.948051758223
2651 0.948317023344
2652 0.948581210535
2653 0.948844322532
2654 0.949106362074
2655 0.949367331899
2656 0.949627234752
2657 0.949886073376
2658 0.950143850519
2659 0.950400568927
2660 0.950656231354
2661 0.950910840549
2662 0.951164399268
2663 0.951416910267
2664 0.951668376303
2665 0.951918800136
2666 0.952168184525
2667 0.952416532234
2668 0.952663846026
2669 0.952910128667
2670 0.953155382922
2671 0.953399611559
2672 0.953642817348
2673 0.953885003058
2674 0.954126171461
2675 0.954366325329
2676 0.954605467435
2677 0.954843600553
2678 0.955080727459
2679 0.955316850928
2680 0.955551973737
2681 0.955786098664
2682 0.956019228486
2683 0.956251365982
2684 0.956482513931
2685 0.956712675113
2686 0.956941852309
2687 0.957170048298
2688 0.957397265861
2689 0.957623507780
2690 0.957848776836
2691 0.958073075810
2692 0.958296407485
2693 0.958518774642
2694 0.958740180062
2695 0.958960626527
2696 0.959180116820
2697 0.959398653720
2698 0.959616240011
2699 0.959832878472
2700 0.960048571885
2701 0.960263323030
2702 0.960477134687
2703 0.960690009635
2704 0.960901950655
2705 0.961112960523
2706 0.961323042018
2707 0.961532197918
2708 0.961740430999
2709 0.961947744036
2710 0.962154139806
2711 0.962359621082
2712 0.962564190637
2713 0.962767851245
2714 0.962970605676
2715 0.963172456701
2716 0.963373407089
2717 0.963573459608
2718 0.963772617026
2719 0.963970882108
2720 0.964168257619
2721 0.964364746322
2722 0.964560350979
2723 0.964755074350
2724 0.964948919195
2725 0.965141888271
2726 0.965333984334
2727 0.965525210138
2728 0.965715568437
2729 0.965905061982
2730 0.966093693521
2731 0.966281465803
2732 0.966468381573
2733 0.966654443576
2734 0.966839654553
2735 0.967024017246
2736 0.967207534391
2737 0.967390208726
2738 0.967572042984
2739 0.967753039898
2740 0.967933202198
2741 0.968112532611
2742 0.968291033862
2743 0.968468708676
2744 0.968645559773
2745 0.968821589872
2746 0.968996801688
2747 0.969171197937
2748 0.969344781329
2749 0.969517554572
2750 0.969689520375
2751 0.969860681439
2752 0.970031040467
2753 0.970200600156
2754 0.970369363203
2755 0.970537332301
2756 0.970704510140
2757 0.970870899406
2758 0.971036502787
2759 0.971201322961
2760 0.971365362610
2761 0.971528624408
2762 0.971691111028
2763 0.971852825141
2764 0.972013769413
2765 0.972173946507
2766 0.972333359085
2767 0.972492009804
2768 0.972649901318
2769 0.972807036278
2770 0.972963417332
2771 0.973119047125
2772 0.973273928296
2773 0.973428063485
2774 0.973581455324
2775 0.973734106446
2776 0.973886019478
2777 0.974037197043
2778 0.974187641763
2779 0.974337356253
2780 0.974486343126
2781 0.974634604994
2782 0.974782144461
2783 0.974928964130
2784 0.975075066599
2785 0.975220454463
2786 0.975365130313
2787 0.975509096736
2788 0.975652356316
2789 0.975794911631
2790 0.975936765259
2791 0.976077919769
2792 0.976218377731
2793 0.976358141707
2794 0.976497214258
2795 0.976635597938
2796 0.976773295300
2797 0.976910308891
2798 0.977046641255
2799 0.977182294930
2800 0.977317272452
2801 0.977451576351
2802 0.977585209154
2803 0.977718173384
2804 0.977850471558
2805 0.977982106190
2806 0.978113079790
2807 0.978243394862
2808 0.978373053908
2809 0.978502059423
2810 0.978630413900
2811 0.978758119825
2812 0.978885179682
2813 0.979011595949
2814 0.979137371100
2815 0.979262507604
2816 0.979387007926
2817 0.979510874526
2818 0.979634109859
2819 0.979756716377
2820 0.979878696525
2821 0.980000052745
2822 0.980120787474
2823 0.980240903144
2824 0.980360402182
2825 0.980479287011
2826 0.980597560049
2827 0.980715223707
2828 0.980832280396
2829 0.980948732517
2830 0.981064582469
2831 0.981179832646
2832 0.981294485436
2833 0.981408543223
2834 0.981522008385
2835 0.981634883296
2836 0.981747170326
2837 0.981858871836
2838 0.981969990188
2839 0.982080527733
2840 0.982190486820
2841 0.982299869794
2842 0.982408678992
2843 0.982516916748
2844 0.982624585389
2845 0.982731687240
2846 0.982838224617
2847 0.982944199833
2848 0.983049615196
2849 0.983154473009
2850 0.983258775567
2851 0.983362525164
2852 0.983465724085
2853 0.983568374612
2854 0.983670479021
2855 0.983772039582
2856 0.983873058561
2857 0.983973538218
2858 0.984073480807
2859 0.984172888579
2860 0.984271763776
2861 0.984370108638
2862 0.984467925397
2863 0.984565216282
2864 0.984661983515
2865 0.984758229312
2866 0.984853955886
2867 0.984949165442
2868 0.985043860181
2869 0.985138042298
2870 0.985231713982
2871 0.985324877418
2872 0.985417534784
2873 0.985509688254
2874 0.985601339994
2875 0.985692492167
2876 0.985783146928
2877 0.985873306430
2878 0.985962972817
2879 0.986052148229
2880 0.986140834800
2881 0.986229034658
2882 0.986316749927
2883 0.986403982723
2884 0.986490735158
2885 0.986577009338
2886 0.986662807364
2887 0.986748131329
2888 0.986832983324
2889 0.986917365431
2890 0.987001279728
2891 0.987084728288
2892 0.987167713175
2893 0.987250236451
2894 0.987332300171
2895 0.987413906384
2896 0.987495057133
2897 0.987575754456
2898 0.987656000385
2899 0.987735796946
2900 0.987815146159
2901 0.987894050040
2902 0.987972510597
2903 0.988050529834
2904 0.988128109747
2905 0.988205252330
2906 0.988281959566
2907 0.988358233437
2908 0.988434075917
2909 0.988509488975
2910 0.988584474573
2911 0.988659034668
2912 0.988733171211
2913 0.988806886148
2914 0.988880181418
2915 0.988953058954
2916 0.989025520686
2917 0.989097568535
2918 0.989169204416
2919 0.989240430241
2920 0.989311247915
2921 0.989381659335
2922 0.989451666396
2923 0.989521270983
2924 0.989590474979
2925 0.989659280259
2926 0.989727688693
2927 0.989795702144
2928 0.989863322470
2929 0.989930551523
2930 0.989997391150
2931 0.990063843191
2932 0.990129909481
2933 0.990195591849
2934 0.990260892117
2935 0.990325812102
2936 0.990390353616
2937 0.990454518464
2938 0.990518308445
2939 0.990581725354
2940 0.990644770978
2941 0.990707447099
2942 0.990769755494
2943 0.990831697932
2944 0.990893276179
2945 0.990954491992
2946 0.991015347125
2947 0.991075843325
2948 0.991135982333
2949 0.991195765884
2950 0.991255195708
2951 0.991314273529
2952 0.991373001063
2953 0.991431380024
2954 0.991489412118
2955 0.991547099045
2956 0.991604442500
2957 0.991661444171
2958 0.991718105741
2959 0.991774428888
2960 0.991830415283
2961 0.991886066592
2962 0.991941384474
2963 0.991996370584
2964 0.992051026569
2965 0.992105354073
2966 0.992159354731
2967 0.992213030175
2968 0.992266382030
2969 0.992319411914
2970 0.992372121443
2971 0.992424512223
2972 0.992476585857
2973 0.992528343941
2974 0.992579788066
2975 0.992630919816
2976 0.992681740771
2977 0.992732252504
2978 0.992782456583
2979 0.992832354569
2980 0.992881948020
2981 0.992931238485
2982 0.992980227510
2983 0.993028916633
2984 0.993077307389
2985 0.993125401304
2986 0.993173199902
2987 0.993220704698
2988 0.993267917204
2989 0.993314838924
2990 0.993361471358
2991 0.993407816000
2992 0.993453874338
2993 0.993499647856
2994 0.993545138029
2995 0.993590346329
2996 0.993635274222
2997 0.993679923169
2998 0.993724294623
2999 0.993768390034
3000 0.993812210845
3001 0.993855758494
3002 0.993899034414
3003 0.993942040030
3004 0.993984776766
3005 0.994027246035
3006 0.994069449248
3007 0.994111387810
3008 0.994153063120
3009 0.994194476572
3010 0.994235629554
3011 0.994276523447
3012 0.994317159631
3013 0.994357539475
3014 0.994397664347
3015 0.994437535607
3016 0.994477154611
3017 0.994516522709
3018 0.994555641244
3019 0.994594511556
3020 0.994633134980
3021 0.994671512842
3022 0.994709646466
3023 0.994747537170
3024 0.994785186265
3025 0.994822595059
3026 0.994859764852
3027 0.994896696942
3028 0.994933392618
3029 0.994969853167
3030 0.995006079868
3031 0.995042073996
3032 0.995077836821
3033 0.995113369607
3034 0.995148673614
3035 0.995183750094
3036 0.995218600298
3037 0.995253225466
3038 0.995287626839
3039 0.995321805649
3040 0.995355763123
3041 0.995389500484
3042 0.995423018949
3043 0.995456319730
3044 0.995489404035
3045 0.995522273065
3046 0.995554928016
3047 0.995587370081
3048 0.995619600446
3049 0.995651620291
3050 0.995683430794
3051 0.995715033125
3052 0.995746428451
3053 0.995777617932
3054 0.995808602725
3055 0.995839383980
3056 0.995869962843
3057 0.995900340456
3058 0.995930517954
3059 0.995960496467
3060 0.995990277123
3061 0.996019861042
3062 0.996049249339
3063 0.996078443127
3064 0.996107443510
3065 0.996136251591
3066 0.996164868466
3067 0.996193295226
3068 0.996221532957
3069 0.996249582742
3070 0.996277445656
3071 0.996305122773
3072 0.996332615159
3073 0.996359923876
3074 0.996387049982
3075 0.996413994530
3076 0.996440758568
3077 0.996467343138
3078 0.996493749279
3079 0.996519978025
3080 0.996546030405
3081 0.996571907443
3082 0.996597610158
3083 0.996623139564
3084 0.996648496674
3085 0.996673682490
3086 0.996698698015
3087 0.996723544245
3088 0.996748222171
3089 0.996772732779
3090 0.996797077053
3091 0.996821255969
3092 0.996845270501
3093 0.996869121618
3094 0.996892810283
3095 0.996916337456
3096 0.996939704091
3097 0.996962911140
3098 0.996985959548
3099 0.997008850255
3100 0.997031584201
3101 0.997054162315
3102 0.997076585528
3103 0.997098854762
3104 0.997120970936
3105 0.997142934965
3106 0.997164747760
3107 0.997186410226
3108 0.997207923265
3109 0.997229287774
3110 0.997250504646
3111 0.997271574770
3112 0.997292499029
3113 0.997313278304
3114 0.997333913471
3115 0.997354405400
3116 0.997374754959
3117 0.997394963011
3118 0.997415030414
3119 0.997434958022
3120 0.997454746687
3121 0.997474397253
3122 0.997493910562
3123 0.997513287452
3124 0.997532528757
3125 0.997551635306
3126 0.997570607924
3127 0.997589447433
3128 0.997608154648
3129 0.997626730383
3130 0.997645175447
3131 0.997663490644
3132 0.997681676776
3133 0.997699734638
3134 0.997717665024
3135 0.997735468722
3136 0.997753146517
3137 0.997770699189
3138 0.997788127515
3139 0.997805432268
3140 0.997822614217
3141 0.997839674126
3142 0.997856612756
3143 0.997873430865
3144 0.997890129206
3145 0.997906708527
3146 0.997923169575
3147 0.997939513091
3148 0.997955739813
3149 0.997971850474
3150 0.997987845805
3151 0.998003726532
3152 0.998019493378
3153 0.998035147061
3154 0.998050688298
3155 0.998066117798
3156 0.998081436269
3157 0.998096644416
3158 0.998111742939
3159 0.998126732534
3160 0.998141613893
3161 0.998156387707
3162 0.998171054661
3163 0.998185615436
3164 0.998200070712
3165 0.998214421162
3166 0.998228667457
3167 0.998242810267
3168 0.998256850253
3169 0.998270788077
3170 0.998284624396
3171 0.998298359863
3172 0.998311995128
3173 0.998325530838
3174 0.998338967634
3175 0.998352306158
3176 0.998365547044
3177 0.998378690925
3178 0.998391738431
3179 0.998404690186
3180 0.998417546814
3181 0.998430308934
3182 0.998442977160
3183 0.998455552106
3184 0.998468034379
3185 0.998480424585
3186 0.998492723328
3187 0.998504931205
3188 0.998517048812
3189 0.998529076741
3190 0.998541015582
3191 0.998552865920
3192 0.998564628338
3193 0.998576303415
3194 0.998587891727
3195 0.998599393848
3196 0.998610810346
3197 0.998622141789
3198 0.998633388740
3199 0.998644551759
3200 0.998655631403
3201 0.998666628227
3202 0.998677542780
3203 0.998688375611
3204 0.998699127265
3205 0.998709798283
3206 0.998720389203
3207 0.998730900562
3208 0.998741332892
3209 0.998751686721
3210 0.998761962578
3211 0.998772160984
3212 0.998782282461
3213 0.998792327526
3214 0.998802296694
3215 0.998812190476
3216 0.998822009382
3217 0.998831753915
3218 0.998841424581
3219 0.998851021878
3220 0.998860546304
3221 0.998869998353
3222 0.998879378516
3223 0.998888687282
3224 0.998897925136
3225 0.998907092562
3226 0.998916190039
3227 0.998925218046
3228 0.998934177055
3229 0.998943067540
3230 0.998951889968
3231 0.998960644807
3232 0.998969332520
3233 0.998977953567
3234 0.998986508407
3235 0.998994997495
3236 0.999003421284
3237 0.999011780223
3238 0.999020074761
3239 0.999028305342
3240 0.999036472408
3241 0.999044576398
3242 0.999052617750
3243 0.999060596898
3244 0.999068514273
3245 0.999076370305
3246 0.999084165420
3247 0.999091900042
3248 0.999099574593
3249 0.999107189491
3250 0.999114745153
3251 0.999122241994
3252 0.999129680424
3253 0.999137060852
3254 0.999144383685
3255 0.999151649327
3256 0.999158858179
3257 0.999166010641
3258 0.999173107110
3259 0.999180147980
3260 0.999187133642
3261 0.999194064486
3262 0.999200940900
3263 0.999207763269
3264 0.999214531974
3265 0.999221247396
3266 0.999227909913
3267 0.999234519900
3268 0.999241077731
3269 0.999247583776
3270 0.999254038403
3271 0.999260441980
3272 0.999266794870
3273 0.999273097436
3274 0.999279350035
3275 0.999285553027
3276 0.999291706766
3277 0.999297811605
3278 0.999303867895
3279 0.999309875984
3280 0.999315836219
3281 0.999321748944
3282 0.999327614501
3283 0.999333433229
3284 0.999339205467
3285 0.999344931551
3286 0.999350611813
3287 0.999356246586
3288 0.999361836198
3289 0.999367380977
3290 0.999372881248
3291 0.999378337335
3292 0.999383749558
3293 0.999389118237
3294 0.999394443688
3295 0.999399726227
3296 0.999404966166
3297 0.999410163818
3298 0.999415319490
3299 0.999420433489
3300 0.999425506122
3301 0.999430537691
3302 0.999435528497
3303 0.999440478840
3304 0.999445389017
3305 0.999450259324
3306 0.999455090053
3307 0.999459881497
3308 0.999464633946
3309 0.999469347687
3310 0.999474023007
3311 0.999478660189
3312 0.999483259516
3313 0.999487821269
3314 0.999492345725
3315 0.999496833163
3316 0.999501283857
3317 0.999505698081
3318 0.999510076105
3319 0.999514418200
3320 0.999518724633
3321 0.999522995672
3322 0.999527231579
3323 0.999531432618
3324 0.999535599050
3325 0.999539731135
3326 0.999543829129
3327 0.999547893288
3328 0.999551923867
3329 0.999555921119
3330 0.999559885293
3331 0.999563816639
3332 0.999567715405
3333 0.999571581837
3334 0.999575416178
3335 0.999579218671
3336 0.999582989558
3337 0.999586729077
3338 0.999590437466
3339 0.999594114962
3340 0.999597761799
3341 0.999601378209
3342 0.999604964426
3343 0.999608520677
3344 0.999612047192
3345 0.999615544198
3346 0.999619011919
3347 0.999622450579
3348 0.999625860402
3349 0.999629241606
3350 0.999632594413
3351 0.999635919038
3352 0.999639215699
3353 0.999642484611
3354 0.999645725986
3355 0.999648940037
3356 0.999652126974
3357 0.999655287006
3358 0.999658420340
3359 0.999661527183
3360 0.999664607739
3361 0.999667662213
3362 0.999670690804
3363 0.999673693715
3364 0.999676671144
3365 0.999679623290
3366 0.999682550347
3367 0.999685452513
3368 0.999688329979
3369 0.999691182940
3370 0.999694011585
3371 0.999696816104
3372 0.999699596686
3373 0.999702353518
3374 0.999705086785
3375 0.999707796673
3376 0.999710483364
3377 0.999713147040
3378 0.999715787882
3379 0.999718406069
3380 0.999721001780
3381 0.999723575191
3382 0.999726126478
3383 0.999728655815
3384 0.999731163375
3385 0.999733649331
3386 0.999736113853
3387 0.999738557110
3388 0.999740979272
3389 0.999743380505
3390 0.999745760974
3391 0.999748120846
3392 0.999750460283
3393 0.999752779448
3394 0.999755078503
3395 0.999757357606
3396 0.999759616918
3397 0.999761856597
3398 0.999764076798
3399 0.999766277678
3400 0.999768459391
3401 0.999770622091
3402 0.999772765929
3403 0.999774891058
3404 0.999776997627
3405 0.999779085785
3406 0.999781155680
3407 0.999783207459
3408 0.999785241268
3409 0.999787257252
3410 0.999789255554
3411 0.999791236318
3412 0.999793199684
3413 0.999795145793
3414 0.999797074786
3415 0.999798986801
3416 0.999800881974
3417 0.999802760444
3418 0.999804622345
3419 0.999806467812
3420 0.999808296978
3421 0.999810109977
3422 0.999811906940
3423 0.999813687998
3424 0.999815453280
3425 0.999817202916
3426 0.999818937032
3427 0.999820655756
3428 0.999822359215
3429 0.999824047532
3430 0.999825720833
3431 0.999827379240
3432 0.999829022875
3433 0.999830651861
3434 0.999832266317
3435 0.999833866363
3436 0.999835452118
3437 0.999837023699
3438 0.999838581224
3439 0.999840124809
3440 0.999841654569
3441 0.999843170617
3442 0.999844673069
3443 0.999846162036
3444 0.999847637630
3445 0.999849099962
3446 0.999850549142
3447 0.999851985280
3448 0.999853408484
3449 0.999854818862
3450 0.999856216520
3451 0.999857601565
3452 0.999858974102
3453 0.999860334235
3454 0.999861682068
3455 0.999863017704
3456 0.999864341244
3457 0.999865652792
3458 0.999866952446
3459 0.999868240307
3460 0.999869516473
3461 0.999870781044
3462 0.999872034116
3463 0.999873275786
3464 0.999874506151
3465 0.999875725306
3466 0.999876933344
3467 0.999878130361
3468 0.999879316450
3469 0.999880491702
3470 0.999881656209
3471 0.999882810063
3472 0.999883953354
3473 0.999885086171
3474 0.999886208604
3475 0.999887320740
3476 0.999888422667
3477 0.999889514472
3478 0.999890596242
3479 0.999891668062
3480 0.999892730016
3481 0.999893782189
3482 0.999894824664
3483 0.999895857526
3484 0.999896880854
3485 0.999897894732
3486 0.999898899241
3487 0.999899894460
3488 0.999900880470
3489 0.999901857349
3490 0.999902825176
3491 0.999903784029
3492 0.999904733986
3493 0.999905675122
3494 0.999906607514
3495 0.999907531238
3496 0.999908446368
3497 0.999909352979
3498 0.999910251143
3499 0.999911140936
3500 0.999912022428
3501 0.999912895692
3502 0.999913760799
3503 0.999914617821
3504 0.999915466827
3505 0.999916307887
3506 0.999917141070
3507 0.999917966445
3508 0.999918784081
3509 0.999919594043
3510 0.999920396400
3511 0.999921191218
3512 0.999921978563
3513 0.999922758500
3514 0.999923531094
3515 0.999924296409
3516 0.999925054510
3517 0.999925805459
3518 0.999926549320
3519 0.999927286154
3520 0.999928016024
3521 0.999928738991
3522 0.999929455115
3523 0.999930164458
3524 0.999930867078
3525 0.999931563035
3526 0.999932252388
3527 0.999932935196
3528 0.999933611516
3529 0.999934281405
3530 0.999934944922
3531 0.999935602122
3532 0.999936253061
3533 0.999936897795
3534 0.999937536380
3535 0.999938168869
3536 0.999938795317
3537 0.999939415779
3538 0.999940030306
3539 0.999940638953
3540 0.999941241772
3541 0.999941838814
3542 0.999942430132
3543 0.999943015777
3544 0.999943595799
3545 0.999944170249
3546 0.999944739177
3547 0.999945302632
3548 0.999945860665
3549 0.999946413322
3550 0.999946960653
3551 0.999947502706
3552 0.999948039528
3553 0.999948571166
3554 0.999949097667
3555 0.999949619078
3556 0.999950135444
3557 0.999950646812
3558 0.999951153226
3559 0.999951654730
3560 0.999952151371
3561 0.999952643191
3562 0.999953130235
3563 0.999953612546
3564 0.999954090166
3565 0.999954563139
3566 0.999955031507
3567 0.999955495312
3568 0.999955954595
3569 0.999956409397
3570 0.999956859760
3571 0.999957305724
3572 0.999957747330
3573 0.999958184616
3574 0.999958617623
3575 0.999959046390
3576 0.999959470955
3577 0.999959891358
3578 0.999960307637
3579 0.999960719828
3580 0.999961127971
3581 0.999961532102
3582 0.999961932257
3583 0.999962328475
3584 0.999962720791
3585 0.999963109240
3586 0.999963493860
3587 0.999963874684
3588 0.999964251749
3589 0.999964625088
3590 0.999964994737
3591 0.999965360730
3592 0.999965723100
3593 0.999966081882
3594 0.999966437108
3595 0.999966788811
3596 0.999967137025
3597 0.999967481782
3598 0.999967823113
3599 0.999968161052
3600 1.0
